Akcelerometr oœ Z
16160
15024
15740
14988
15628
15824
15724
15684
15996
14796
16128
15584
15768
15480
15832
15708
15568
15172
15648
15616
15724
16224
16048
15708
15568
15580
15588
15632
15696
15936
15840
15552
15740
15572
15104
16300
15788
15856
15712
15668
15544
15712
15280
15732
15832
16056
15664
15832
15140
15756
14860
16276
15648
15588
15568
15936
15468
15848
15336
15832
15480
15828
15784
16356
14888
15508
15188
15836
15728
15704
15440
15896
15004
15900
15308
15728
15832
16032
15572
15896
14820
15512
15352
16064
15840
16120
15384
15892
15496
15872
15620
15672
15756
16256
15436
16268
15136
15112
15592
16020
15564
15768
15316
15464
15140
15556
15928
15708
15664
15972
15728
15716
15348
15544
15220
16316
15688
15676
15680
15324
15680
15772
15624
15868
16004
15760
15632
14848
15508
15236
15632
15664
15840
15472
15708
15420
15984
15244
15664
15832
16260
15380
15868
15604
15576
15780
15604
15520
16036
15276
16272
15600
15572
15248
16056
15536
16168
15308
15844
15200
15176
15416
15744
15400
15768
15584
15984
15368
15092
15240
15824
15492
16016
15624
15684
15296
15756
15796
15792
15536
15980
15632
15904
15088
15668
15308
16052
16060
15548
15952
15600
15184
15820
15640
15736
15688
15476
15752
15636
15132
15628
15440
15764
16096
15620
15212
15748
15392
15908
15804
15760
16104
15564
15756
16068
15452
15256
15848
15580
16256
15320
15740
15696
15504
15520
15888
15260
15980
15640
15652
15280
15448
15004
15760
15656
15468
15568
15924
15520
16136
15288
16316
15700
15996
15824
15992
15164
15696
14632
15928
15768
16084
15400
16128
14784
15996
15124
16024
15704
16024
15520
16084
15020
15472
15196
15520
16048
15592
15424
16024
15044
15560
15752
15644
16008
16056
15808
16184
14876
15548
15512
15956
15824
15820
15704
15752
15192
15596
15856
15372
15856
15892
15752
15604
15508
15576
15980
15492
15748
15780
15484
15336
15468
15532
15408
15748
16068
15940
15900
15352
15868
15412
15776
15944
15788
15688
15896
15200
15816
14804
15632
15768
16064
15600
16096
15176
16056
15268
16004
15548
15880
15032
16092
15144
15644
15128
15616
15688
16204
15268
16420
15300
15672
15212
15448
15740
16196
15232
16520
15232
15548
14848
15908
15288
16192
15424
15996
15500
15288
15704
16004
15416
16160
15560
15904
15384
15064
15364
15764
15840
15996
15664
15532
15236
15368
15784
16032
15628
15764
15940
15680
15224
15680
15068
15896
15828
15496
15952
15416
15224
15652
15580
15884
16260
15588
15848
15364
15108
15736
15264
15356
15944
15412
16096
15172
15944
15524
15852
15464
16212
15780
15700
16000
15560
15224
15956
15664
16252
15212
15740
15484
15632
15176
15568
15184
16176
15444
16008
15000
15564
14784
15984
15612
15784
15480
15936
15524
15696
15056
15776
15628
16084
15568
15736
15304
15468
15464
16292
15528
15784
15500
16380
15296
15508
15228
15436
15904
15660
15992
15996
15212
15824
15636
15828
16144
15240
15664
15588
15016
15404
15464
15232
15644
15560
16124
15936
15292
15748
15796
15692
16164
15784
15912
15764
15088
15128
15768
15256
16052
15636
15744
15836
15560
15312
15924
15384
15628
15652
15712
15508
15460
14908
16364
15572
16096
15624
16064
15384
15868
15340
15880
15972
15908
15296
15924
15024
15848
14928
15664
15496
16324
15496
15932
15208
16264
15068
15548
15656
15980
15328
16192
15200
15520
15220
15844
16140
16024
15256
16184
15208
15256
15472
15480
15844
15740
15772
16432
15484
15488
15812
15772
15692
15824
15448
15792
15272
15240
15804
15636
15948
15696
15956
16268
15316
15500
15704
15756
15768
15948
15864
15208
15396
15296
15708
15676
15892
15788
15976
15684
15428
15420
15608
15812
15864
15464
15784
15280
15928
15376
15780
15452
15796
15692
16348
15252
15672
15312
15592
15564
16236
15184
16264
15032
15816
14968
15680
15184
16332
15320
16176
15748
15508
15768
15916
15236
16308
15204
16024
15144
15528
15092
15484
15556
16648
15824
16152
15408
15712
15600
16296
15776
15696
15372
15588
15580
15332
15424
15732
15852
16100
15844
15676
15584
15316
15564
16088
15844
15716
15656
16044
15804
15352
15688
15812
15844
15448
16088
15744
15612
15724
15632
15488
15892
15304
15684
15440
15032
15288
15512
15480
16256
15744
16124
15676
15364
15696
16088
15572
15788
15232
15796
15448
15648
15096
15708
15440
16216
16000
15884
15464
15696
15140
15816
15260
15904
15432
15628
15444
16120
14836
16316
15548
16108
15496
15988
15116
15520
14992
15604
15636
15856
15788
16136
15388
15952
15176
15600
15792
16012
15836
15892
15184
15500
15468
15468
15796
15784
15728
16012
15200
15336
15340
15444
16180
15672
15728
15844
15156
15852
16004
15496
16360
15772
16080
16096
15496
15168
16040
15400
16112
15368
15516
15564
15600
15396
15784
15392
16108
15684
16236
15812
15612
14856
15840
15520
15616
15580
15876
15432
15836
15224
16072
15368
15872
15776
16452
15804
15540
15004
16024
15540
15920
15336
15816
14920
16096
14936
15492
15708
16228
15632
16192
15180
15448
14976
15528
15868
15932
15496
16224
15208
15824
15212
15588
15740
15968
15776
15968
15116
15504
15656
15976
15664
15836
15584
15796
15388
15312
15500
15648
15876
15860
15544
15828
15408
15460
16236
15752
15696
15732
15864
15640
15656
15236
15156
15444
16132
15864
16012
15512
15648
15708
15908
15808
15632
15560
15824
15512
15752
15196
15380
15664
16148
15800
15660
15160
15812
15132
15580
15812
15992
15120
15924
15740
15876
15164
15604
15312
16036
15564
16196
15400
15524
15204
15808
15484
16064
15236
16184
15436
15760
15116
15768
15312
16184
15764
15868
15432
15596
15460
15768
15576
16120
15720
15876
15404
15500
15268
15740
15488
15880
15528
15604
15264
15476
15792
15644
15968
15640
16096
15952
15568
15536
15192
15744
16156
15152
15768
15508
15572
15444
15712
15620
16124
15752
16132
15584
15388
15048
15772
15360
15976
15192
16080
15512
15732
15408
15952
15040
16244
15712
16152
15520
15792
15240
15876
15384
16216
15324
15656
15440
16068
15268
15496
15220
16132
15804
16152
15288
15408
15160
15704
15432
16044
15200
15992
15536
15972
15060
15684
15692
15920
15848
16232
15548
15780
15244
15972
15800
16104
15520
16308
15304
15528
15088
15440
15608
15756
15836
15736
15168
15592
15812
15748
15772
15960
15816
15976
15552
15644
15200
15124
16432
15720
15784
15652
15576
15480
16080
15532
16144
15808
15576
15700
15476
15012
15428
15128
16096
15484
16072
15452
15868
15456
16012
15480
15912
15584
15916
15604
15504
14980
15668
15336
16060
15632
16128
15500
15856
15312
15876
15316
15840
15576
16048
15228
15616
14932
15628
15612
15964
15332
15832
15216
15792
15392
15760
15456
16104
15836
15912
15408
15800
15324
15764
15588
16444
15524
15872
15112
16112
15376
15724
15740
15912
15776
16108
15316
15704
14756
15656
15832
15692
15528
15836
15440
15676
14704
15548
16064
15976
16004
15980
15652
15480
15208
15728
15788
16536
15180
15288
16064
14504
14768
14920
16300
16504
15572
15776
16024
14564
15280
15020
16524
16396
15348
15216
16340
14604
14964
14972
16752
16676
15472
15640
16496
14576
14656
15296
16588
16348
15364
15572
16452
13924
14460
15032
15968
17096
15616
15772
16408
14680
14712
15120
15604
15360
18340
15544
16304
15688
14664
13664
15984
15708
16548
16860
15768
15708
15468
14160
15288
15732
16644
16620
15868
15352
15376
14568
15360
16032
16788
15980
15792
15820
15368
14312
15848
16904
17164
14952
16340
15396
13796
14560
15964
16980
15896
15496
16380
15288
13656
15488
15788
17232
16748
15524
15940
14948
13444
15572
15296
17008
16996
15340
15600
16140
13408
14932
15672
16504
16588
16648
15352
15940
14160
14748
14852
16428
15832
16644
15532
15756
14452
15284
15152
16796
16024
16440
15476
15876
14816
15536
14856
16436
15760
16552
15224
15572
14424
15596
15096
16660
15760
16236
15828
15816
14820
15360
14920
16588
15824
16384
15228
15652
14848
16076
15908
16588
16128
16140
15836
15952
15076
15608
15304
15888
16604
15864
15472
14788
14916
15020
15656
16004
16532
15908
16224
14996
15340
14816
15704
15836
16668
15372
15844
14380
15020
14808
16848
16120
16672
15284
16392
14460
14732
14572
16352
15988
16508
15520
15960
14220
15000
15024
16776
15896
16256
16136
15936
14556
14396
14784
17156
16236
16432
15756
16016
13804
14772
15600
17276
15940
16416
16336
15876
13712
14320
15624
17520
16272
16420
15816
15700
13560
14444
15988
17212
15328
16720
15692
15364
13892
14216
16764
17496
15944
16188
16096
15620
14828
13868
15956
16056
16220
15644
16472
15060
14740
14200
16152
16080
16864
15712
16412
14624
15508
14464
15860
15108
16908
15556
16220
14476
15532
14724
16420
16164
17072
15444
16084
14720
15268
14476
15912
15628
16596
15748
16096
14592
15212
15304
16356
15912
16212
15684
15568
14968
15188
14988
16252
15996
16820
15644
15420
14440
15208
15388
16252
15872
16300
15772
16076
14900
15308
15200
16276
16112
16780
15320
15216
14776
15672
15496
15968
16160
16496
15652
15556
15088
14948
15656
16092
16408
16080
15664
15228
15088
15336
15848
15508
16280
15868
16368
15236
15396
14692
15508
15880
16376
15880
16008
14692
15220
14820
16096
15576
16304
16052
15660
14740
15280
15120
16000
15924
16552
16380
15800
15108
15016
15136
15708
16024
16160
15684
15824
14952
14880
15776
16068
16620
16276
15952
15092
15328
15248
15296
16036
16240
16340
15952
15552
14992
14696
15324
15860
16436
16328
15628
15660
15092
15188
15396
15644
16120
16100
15936
14896
14788
15248
15992
16236
16268
16184
15748
15412
15232
15112
15164
15812
15968
16192
15604
15308
14536
14988
15452
16344
16392
15988
15788
15488
15404
15360
15244
16044
16028
15996
15504
14872
14940
15104
15820
16308
16484
15832
15428
15312
14676
15284
15412
16304
16188
16288
15728
14904
15044
15616
15864
16216
16036
16012
15464
15072
14932
15304
15852
16344
16324
16240
15112
15000
15024
15616
16036
16164
15804
16136
15116
15212
14920
15508
15804
16348
16460
16184
15196
15028
15152
15432
15848
16124
16040
15752
15128
14936
15004
15672
16236
16848
16204
15628
15592
15228
15108
15480
15864
16012
16012
15996
15712
14832
14876
15552
16320
16876
15948
15676
15120
14836
15448
15456
15684
16232
15816
16120
15052
15096
15076
15572
16456
16732
16288
15616
15144
15112
15196
15180
16140
15976
16096
15652
15248
14516
14932
15560
16472
16132
15912
15136
15276
14848
15416
15556
16036
15940
15896
15736
14868
14856
15300
16076
16468
16460
15936
15536
15120
15148
15724
15904
16416
16212
15940
15916
15060
14804
15600
16168
16344
16028
15940
15124
15036
15348
15384
16028
16632
16516
15912
15192
14928
14948
15644
16092
16260
16340
15884
15400
15336
14856
15636
15852
16512
16456
16024
15412
14940
15128
15724
16072
16288
15600
15724
15228
14952
14960
15788
16064
16872
16172
16084
15156
14752
15148
15712
16348
16060
15668
15716
15036
14816
15124
15460
15888
16532
15876
15584
15064
14884
15468
15660
16128
16000
15880
15312
15108
14888
15152
15928
16436
16380
16028
15104
15256
14996
15616
16124
15940
16376
16092
15576
15160
14916
15100
15820
16540
16008
15732
15364
14956
15152
15560
16192
16240
16004
16040
15620
14852
14928
15408
15912
16444
15940
15964
15232
15084
15256
15772
15924
16476
16084
16004
15556
14980
14868
15668
15992
16668
15696
15584
15096
15012
15244
15472
15792
16572
16232
15584
15708
14536
14920
15680
16332
16412
16296
15152
15404
14636
15256
15444
16160
16120
16392
15432
15284
14544
15580
15752
16660
16052
16128
15128
15236
14584
15584
15512
16728
15836
16604
15288
15412
14536
15652
15592
16804
15892
15772
15312
15300
14964
15412
15260
16456
16180
16428
15172
14820
14820
15712
15804
16816
16132
15852
15516
15116
14728
15424
15832
16724
16460
15604
15588
15344
14768
16024
16068
16148
16088
15524
15808
14916
14676
15448
16092
16600
16696
15560
15604
14816
15244
15832
16248
16196
16220
15208
15744
14364
15088
15088
16384
16204
16628
15404
15336
14544
15632
15248
16604
15552
16276
15448
15408
14528
15488
15116
17288
16412
16032
15272
15336
14340
15652
14916
16836
15584
16592
15604
15580
14164
15708
15236
16804
16856
15924
14804
15188
14396
16024
15404
16396
16328
16048
15236
15048
14440
15724
15564
16792
16352
15828
15040
15068
14644
15800
15848
17012
16188
16104
15296
15284
14528
15752
16180
16688
15936
15464
15236
14576
14748
15208
16260
16908
15536
15528
15520
14300
15132
15312
16984
16836
15776
15496
15664
14144
15320
15064
16612
16676
15988
15544
15840
14140
15288
15020
17152
16528
15720
14980
15764
13652
15676
15280
16292
16612
16012
15080
15696
13632
15720
15484
17172
16492
16044
15644
15900
13912
15592
15408
17212
16216
16480
14928
15456
13824
16028
15752
17428
15796
16080
15112
15388
14124
15524
15820
17384
15564
16480
14964
14692
14276
15840
15680
17396
15348
16108
15276
14616
14604
15824
15612
17956
15556
16380
15112
14120
14916
15956
15872
17568
15456
15824
15636
14324
14944
15348
16320
17336
15648
15504
15632
13932
14708
15420
16404
16808
15528
15072
15980
13968
14932
15508
16744
16444
15972
14824
15664
13820
15216
15600
17356
15924
15828
15264
15684
13848
15860
15424
17736
16188
16344
15040
15728
14240
15584
15664
17676
15640
16152
15280
15128
13900
15908
15760
17736
15740
16108
15212
15160
13960
15792
15032
17560
15652
16268
15564
14844
14012
16088
15528
18060
16048
15724
15348
14568
14576
15696
15528
17492
15712
15820
15488
15216
13952
15872
16312
17336
15776
15464
15648
14848
14308
15784
15908
16664
16016
15720
15776
14504
14592
15516
16576
17300
15932
14652
15800
14496
15424
14988
16672
16280
16176
15820
15668
13840
15400
14936
17148
16392
16076
14880
15972
14268
15720
14944
17156
16364
16492
15436
15968
13804
15508
14884
16984
16384
15936
15232
15896
13944
15788
15308
17188
16520
16580
15320
15344
13820
15800
15556
16772
16736
15652
15216
15244
14216
15712
15596
16828
16568
16072
15148
15288
14064
15432
15812
16224
16336
15816
15300
15392
14716
15500
15624
16880
16508
15408
15504
14772
14864
15124
16080
16632
16080
15752
16028
14448
15092
15016
16368
16696
16420
15764
15844
13856
15620
14804
16796
15804
16196
15224
16268
14504
15280
14500
16512
15960
16944
14980
16012
13724
16000
14992
16568
15664
16940
14892
16356
13976
15552
14864
16668
15964
16584
14896
16112
14224
15836
15064
16644
15608
16696
14864
15816
14304
15280
15384
16796
16052
16852
14868
15528
14488
15384
15392
16480
15828
16264
15640
15196
14976
15136
15256
16436
16204
16080
15492
14856
15132
15656
15780
16524
16760
16108
15920
14384
14936
15288
15860
16292
16708
15636
15904
14576
15652
14660
16004
15892
16968
15332
16188
14640
15380
14636
16540
15852
16844
14996
16076
14604
15400
14652
16708
15732
17100
14884
16196
14044
15448
14776
16904
15736
17084
14736
16080
14096
15868
14780
17072
15512
17076
15080
15912
14320
15372
15104
16912
15424
16712
14828
16180
13824
15684
15176
17052
15852
16732
15180
15632
13992
15876
14872
16372
16252
16328
15732
15380
14680
15656
14916
16620
16320
15596
15812
15284
14700
15192
15716
16448
16356
15720
15156
14820
15012
15132
16124
16204
16676
16040
15872
15252
15076
14796
16400
15704
16696
15468
15968
14664
15276
15008
16600
15676
16916
15260
15728
14024
15836
14536
16648
15296
16704
15000
16192
14040
15744
14248
16680
15740
17120
15608
16096
13992
16236
14760
16932
15652
16920
14980
16532
14280
15884
14816
17052
15944
16804
14732
15688
13684
16232
14816
16664
15976
16412
15276
15796
14352
15432
14944
16888
16016
17096
15548
15388
14884
15884
15604
16384
16036
16508
15660
14892
14952
14948
15672
16220
16672
16208
15620
14896
15084
14768
16132
15636
16836
15772
16124
14980
15356
14556
16028
15568
16928
15100
16012
14248
15712
14768
16308
15716
16396
14812
16604
13908
15852
14284
16808
15844
16728
14876
15932
13752
15976
14196
16960
15764
17172
14928
16920
14280
15780
14616
16944
15556
17132
14780
16424
13676
15908
14644
16736
16092
16680
14716
16128
13852
15512
14808
16536
16080
16136
15228
15768
14644
15440
15208
16708
16404
16656
15204
15444
14584
14764
15548
16440
16172
16164
15384
15440
14612
15304
16020
16316
16660
15980
15740
14896
14796
14876
16420
15952
16856
15596
16188
14956
15288
15104
15932
16344
16752
14952
15928
14088
15460
14744
16620
15344
16828
15100
16672
14200
15712
14416
16628
15276
17408
14876
16144
13584
15956
14348
16876
15540
17200
14704
16804
14436
15876
14668
16792
15964
17096
14860
16200
13912
16000
14444
16920
15932
16556
15156
15872
13856
15612
14660
16932
16116
16240
15516
15716
14392
15772
14912
16508
16068
16840
14916
15128
15036
15068
15636
16308
16812
16140
15820
15552
14536
14680
15784
15720
16868
15692
15888
15116
15032
14668
16336
15972
17276
15060
16124
14892
15464
14796
16008
15956
17088
14820
16500
14244
15384
14352
16516
15784
17060
14592
16636
13728
16084
14204
16992
