1.0
0.9998081746334468
0.9998489756163118
0.9989726812984204
0.9991386013423021
0.9984075055479585
0.9985936897471019
0.998665795832397
0.9987814345476204
0.9988815394130679
0.9988366340264137
0.9988611453073322
0.9989032500553974
0.9989016333547132
0.998938360406081
0.9989888326632413
0.9988316464087204
0.9988759528760798
0.9988797785520249
0.9989106247503481
0.9989409957344744
0.9988832458014718
0.9989216594650309
0.9989561754395444
0.9989868409051609
0.9990110092712852
0.9990286746267726
0.9990294143376549
0.999027668291885
0.9986620871744082
0.9986898611036981
0.9987027525084122
0.9987227631325672
0.9987456121021004
0.9987657919910073
0.9986730593913262
0.9986728738200771
0.9986777799325305
0.9986828726529979
0.9986984802158341
0.9986410545153948
0.9986581351374261
0.998652223996175
0.9985275190458532
0.9985284799974821
0.9984002193775643
0.998414583621598
0.9983730967719968
0.9983833310861959
0.9983440941424611
0.9983380706298791
0.9982494259379846
0.9982592970665736
0.9982286347895112
0.9982282936179607
0.9982368306277756
0.9982040029286198
0.9981275686703186
0.99807372991504
0.9980778229761005
0.9980435669460089
0.9980424209226623
0.9979968910497548
0.9979966996378381
0.9978532798041787
0.9977266407981211
0.9977156669805455
0.9976699266732442
0.9976567945358785
0.9974570632016615
0.9974422901163305
0.9974134186475062
0.9973991139551731
0.9972939904175459
0.9972770427215283
0.9972186272896335
0.9971940320307447
0.9971546955854462
0.9970785293885316
0.9970556738100647
0.9967659353554843
0.9967313928310841
0.9966967080075436
0.9964755981626615
0.9963375240312119
0.9962912690787975
0.9962355867320662
0.9961374938130328
0.9960021401538747
0.9959144928697894
0.9958234115672455
0.9957489151840928
0.9955118840374034
0.995275096386253
0.9951641256993046
0.9950376679905681
0.9947917842204577
0.9946641161397535
0.9944880790010212
0.994305681435736
0.9941042009806363
0.9939258612264312
0.9937241769876929
0.9935250185854095
0.9930480398700355
0.9927755359425963
0.992308792236044
0.9920014874929848
0.991658426434045
0.9912670288207175
0.9908342757207426
0.9903057251437775
0.9897542148933838
0.9889589938336448
0.988173857385102
0.9873112064783678
0.9860371477160914
0.9847408906108703
0.9831453351579944
0.98101991621644
0.9784697709915634
0.9751842940431295
0.9705278552882485
0.9637225951201365
0.9526551039262772
0.9306211397461565
0.8720641552786588
-0.06892143676804952
-0.0711214957353274
-0.0856031817801346
-0.08570640402676552
-0.06474914881758997
-0.06037701036539763
-0.048389255404059736
-0.047391990186856185
-0.049280271277041696
-0.050577224616200546
-0.08074515394593608
-0.1095849753411697
-0.11632083599003859
-0.08839559438665015
-0.09846562281703743
-0.09435341024057413
-0.09422273997978858
-0.09078968503990363
-0.10116884714531123
-0.10232842699104269
-0.09958672127118162
-0.1076348399202237
-0.09878938195599889
-0.1056734286499485
-0.10668460887248792
-0.10958177116285533
-0.09983502812780976
-0.09144200585108024
-0.08523841983394814
-0.07211238175414243
-0.06451489220998215
-0.06665149440538466
-0.04986778480245003
-0.06016217733482265
-0.054358018406009845
-0.06680526532715633
-0.05193728796747049
-0.055338529557980645
-0.05240134881971958
-0.0544471209309547
-0.060746897307810035
-0.06552502868935554
-0.06015550361676
-0.059535848721117994
-0.060284411881204085
-0.06531280359909826
-0.0503750591777023
-0.04996458032974784
-0.06046148063822829
-0.06822845776432275
-0.07542307718741878
-0.11255409639487873
-0.10016807256759439
-0.1147857427809721
-0.11177168474934752
-0.10314870706658398
-0.1139279046761218
-0.12054354362517114
-0.12871182727255573
-0.14085518683834128
-0.14533628033249554
-0.15334722547535673
-0.15391492225816156
-0.15122768181472007
-0.15816914947544142
-0.13840045393240835
-0.13389337945022659
-0.13743824038318025
-0.13377114672814083
-0.1331433776575415
-0.1403601160162449
-0.13882156776559904
-0.13573865760286832
-0.1505096183488093
-0.14313429787130208
-0.146363640532125
-0.15207343821396532
-0.1572586321599763
-0.15731753620194114
-0.15809689459079992
-0.1558683349719718
-0.11715577109042914
-0.11400033794616346
-0.1173698059420453
-0.10299722866785715
-0.09682265537103368
-0.11812772693669604
-0.11042303448394372
-0.10633976889914036
-0.10229578525132726
-0.10109011307858268
-0.09960675401353133
-0.11893454538393464
-0.12851970376039343
-0.10533327108705737
-0.10067764208946604
-0.10637595323459012
-0.09063522967975318
-0.0927192550500798
-0.07801466492582779
-0.082342995009783
-0.08536384533679488
-0.0883347262853203
-0.09026699479989668
-0.09898331030417336
-0.06867855518766011
-0.06646133792962691
-0.05402178311917796
-0.05359704747670292
-0.05379319438058835
-0.06499517263229783
-0.06143199812456528
-0.02917772563367283
-0.04186678823299321
-0.02982277314746556
-0.029762319468821734
-0.0441649019843239
-0.042492925410064115
-0.03365154133067837
-0.01900324864763119
-0.008832672880187416
-0.007232884945307952
-0.011415899910426729
-0.012987660796003763
-0.00867628557601554
-0.008062835000010326
0.002646158267809346
0.029408884502269042
0.08019100030646037
0.05883064738528041
0.056881852417548326
0.05343398699863845
0.04280380787513688
0.04111377712764156
0.0541906304778017
0.062248257130491313
0.06786378651813736
0.05363714774024765
0.062492055172314286
0.049880502904828185
0.06012693942596992
0.04289362270889835
0.05179937162276205
0.05553707344683546
0.05768142246338661
0.058901186054054956
0.058178355537417584
0.03933327694748851
0.0332763113754083
0.040464509609070484
0.048659394432828615
0.008636326412919417
0.012758846943603526
0.02074289146096444
0.01384455385573966
0.0007648942762491859
0.003138879826198448
-0.011412482126471018
-0.004500420706718517
-0.017638111286009832
-0.03324277900817153
-0.013643864687838316
-0.025668661070230338
-0.037176770980343714
-0.0431657302994627
-0.04057926444150375
-0.0416732414675519
-0.04265426506538605
-0.033953054366610814
-0.044474399001909734
-0.05341768216790756
-0.05323472144088386
-0.058340624156317904
-0.056140708822396954
-0.043048170946125515
-0.04349832427977553
-0.04267742352019219
-0.038040085104824053
-0.0334775255571388
-0.03514420633479438
-0.042641405499517844
-0.01898080214038946
-0.025914622888317033
-0.03660639041490552
-0.029853932725658488
-0.02932760422023198
-0.030252407223910087
-0.014714985754013246
-0.010185568036106771
-0.0018434048946984996
-0.002561985664194547
-0.00034164870333382933
-0.027762797621871945
-0.03131106162848669
-0.03303375582117797
-0.03499620791071639
-0.03412014513776104
-0.02062666414109912
-0.030931401731423513
-0.03325889106070351
-0.04870083220330938
-0.046067947041296686
-0.04236830397074834
-0.034153190212836124
-0.033518181551135756
-0.04598614945636566
-0.04985619289925197
-0.05185432530086967
-0.06282494802879673
-0.06660703464480122
-0.06904071317451042
-0.0642376052315763
-0.054938243709655936
-0.03226287836746712
-0.02611510715603565
-0.031230437574653998
-0.03423832298623342
-0.03927246622660534
-0.039457562973838685
-0.04271377086841074
-0.008895180860625549
0.0053008988783787075
-0.012732647781151157
-0.015061081575531236
0.011289831459800207
0.007491297152595211
0.013352281754862938
0.010569496115862288
0.018873963520495713
0.011976786628602035
0.01182947085429162
0.008802243227818017
0.014656458692435252
0.00690437798254263
0.010638119341581813
0.012772526434784449
0.012263609745605544
0.010457463271094949
0.011914849836366636
-0.009307380472262912
-0.02460113737999169
-0.01378179118918552
-0.026647574629435015
-0.020485496737975513
-0.019948814265790638
-0.016695553548983885
-0.029614114426535384
-0.04664769312649538
-0.048123600424889355
-0.044933994195309176
-0.043427067760583145
-0.04529848390630628
-0.04634938189967599
-0.04863403241634953
-0.06261683353637224
-0.08455500806989961
-0.09725666003747324
-0.09099739627990808
-0.07864822886687768
-0.07787643437701075
-0.05731777689350733
-0.06301419606272422
-0.07131372702371322
-0.0801712792563987
-0.08436594924136667
-0.07740004694864516
-0.07497557264940018
-0.06144416573739356
-0.06110954606209089
-0.08030226164368945
-0.07839159215089407
-0.08241351967017738
-0.0813511330943967
-0.06807940146500539
-0.05756627497810605
-0.040032614034512984
-0.0411723015539149
-0.044757660759643055
-0.06540943674874143
-0.034693061636332685
-0.025961508379261512
-0.024637119837016542
-0.018383642258126626
-0.015115780646523387
-0.023608800665788486
-0.0072484652208896945
-0.005478877250618263
0.01427560818930558
0.013229504252889374
0.006212173393240757
0.0044119457744175705
3.0637446991962144e-06
0.005078887257821211
0.002975119661799622
0.0028385654164981193
0.027892733994999575
0.0244349545212382
0.026907209637198774
-0.0008867249033890307
0.0007209765226965356
-0.0032810655830948767
-0.006677361294836596
-0.018429434679509225
0.0019609120323514084
0.013327989924815585
0.008950568970777287
0.0030486847890046397
0.0005952003044228557
0.00877789372673305
0.004397137152468291
0.01055756275705591
0.029834491100030905
0.03233249396588085
0.03163288415078774
0.014285064716556386
0.02219809247614246
0.025548500988161006
0.02494712079043176
0.02451783726269789
0.027882266364439797
0.025556246690814993
0.02390615307485075
0.025584732945279784
0.029984697022984445
0.0499275725375695
0.03938978395901417
0.04614454163263703
0.04105492168555921
0.047217755781708136
0.04293324752908214
0.040461090458271703
0.04433396587871035
0.06463529761794043
0.08606797170485078
0.09055165491818146
0.09034686323280149
0.0982861300238547
0.1058455612705657
0.11696447619708585
0.11470519651623469
0.10932323133099574
0.07411559522518803
0.07352717126149104
0.07338345305345005
0.08631333029984938
0.09301829437347088
0.09486282181726861
0.09908393989184443
0.08457653698164536
0.07642529470137593
0.09016188591515434
0.09280517788415014
0.07075685379574144
0.060365816484893385
0.051813582986006426
0.046081630972098477
0.04152111113832203
0.032775977825513565
0.03335183764545111
0.04198202482881153
0.05157462852042494
0.05104064587089542
0.046277354291283955
0.04272732058278007
0.04503301296486523
0.04734921727397225
0.05203207396216069
0.07093006297760496
0.05778673619516138
0.055032028881403926
0.0622235847913609
0.054304630920988056
0.055698364309828184
0.04285315527037734
0.03731530834297773
0.011969696371936917
0.012877825684685065
0.008087688500648501
0.007590132635741344
0.01970045461009655
0.025672923208314304
0.02502908440105387
0.019111429310466974
0.01705414964071228
0.007668589179416729
0.016658918217029417
0.01986702101377087
0.02135063536683923
0.00011896032290033963
0.011583583028421947
0.0026859090397901874
0.0019965950813785023
0.004295165047240518
-0.010842334290814989
-0.013050568113765254
-0.005976599952829459
0.013560691637157805
0.027470048355887212
0.025965238130545396
0.023966978800765714
0.02027366370241241
0.004726241551750628
0.009311790102444173
0.02777932489568989
0.02720989721566226
0.03599043678319991
0.044701993696825655
0.051038896951582084
0.010254973209327101
0.01139231813321761
0.0027893106318723536
0.016010467181843634
0.014359804439945624
0.006557722364837963
0.009303579443492015
-0.006451410747005683
-0.013492696974791732
-0.012820741934126864
-0.011724694433810414
0.00666981544145572
0.005890431020962835
0.007985118846304255
0.01626044164494759
-0.0003750107484181773
1.8035304674010032e-06
0.016362244109442568
0.04343298648050703
0.04019812426408313
0.027191832664371352
0.042086837308025975
0.0432705684091355
0.024623737979819545
0.009067620513722525
0.008643352251175102
0.022143868125125362
0.01529855281348401
0.007015237145176958
0.004755072960789877
0.003045866601263042
-0.011611514404488026
-0.013646292813772155
-0.029103133998211923
-0.007028975877018963
-0.015653443599876866
-0.020059109225260666
-0.02835788604094473
-0.027023730862427642
-0.03401612635502388
-0.004605431112572029
-0.0029120856766590548
0.008305362363313772
0.0052580917202446386
-0.01268039242813612
-0.015702173653807945
-0.01253217882883139
-0.0012856715652924942
-0.00020085812942790372
0.003724125393581259
0.0043354932982360705
-0.008285121620650544
-0.018575857765988076
-0.038202711383983505
-0.040551750332642744
-0.030253398619324957
-0.029391712146153243
-0.03911555998795932
-0.05997870364372123
-0.07043591139534293
-0.06909818043197585
-0.060455382054594026
-0.0639335334722864
-0.057857594910887204
-0.05816960233912788
-0.05890833311548603
-0.07058786066681186
-0.09295651797248423
-0.09385020491246843
-0.09886200578164074
-0.09610918323080124
-0.08037952790179105
-0.09460114024006229
-0.06754983161147017
-0.057424413454741884
-0.05553506845779876
-0.05160739131730911
-0.04011993939696636
-0.04338524393455569
-0.034612265161135844
-0.021715784015356232
-0.00811628726914054
-0.01772773446308736
-0.020415907260235584
-0.026959232168005883
-0.02206698560847631
-0.03190598608134123
-0.029766802567529012
-0.0449462126357878
-0.04683744793375378
-0.03402661654089113
-0.038911593231333
-0.04048060712586406
-0.02885817822633861
-0.011298919718791859
0.013367819667056477
0.010737295953658412
0.013954163134665432
0.014738969536476186
0.008653862851586227
-0.01116383423119032
-0.00709882717838318
0.006003808767966103
0.0056065490689201245
0.007059275884447088
0.009968702484984356
0.005163591811140746
0.0013404786246341872
0.005370539074228725
0.0007738717028939161
-0.009732503807587865
-0.007896594432813847
-0.008592122038435268
0.0032639356520325004
-0.00593766246275944
-0.016836786907453632
-0.0415213362688913
-0.04436141888177978
-0.050330131585155605
-0.053735431123169974
-0.04823043441003979
-0.03548476817458035
-0.049270033389893914
-0.06540289167060832
-0.06176915536267785
-0.06450204597918231
-0.05614875705058768
-0.059832207622153924
-0.03309589328148865
-0.03851040122746588
-0.04637981437818418
-0.06337412889447919
-0.0667679386218085
-0.07440829431127871
-0.06815876469231692
-0.03490599304209382
-0.029143096073814406
-0.030281766010989558
-0.026789206663150295
-0.024301365750366306
-0.024736196835689086
-0.013516349634670272
-0.01864232234263542
-0.021362015367108588
-0.02560504189114698
-0.029067772497311704
-0.03244851966511354
-0.030743387295067284
-0.006083481389441129
-0.012077928833882402
-0.015841595613535736
-0.022544549452095913
-0.0169927512379309
-0.01867072730664859
-0.028318343066387697
-0.015906432504624278
-0.009851945882090232
-0.012872387091210757
-0.01143107284494492
-0.020683071129153185
-0.026622908950110602
-0.010043879570689234
-0.022668159135058853
0.002368912317568305
0.035193815887859616
0.023265328894124332
0.02912262667176767
0.02467252986930236
0.014151222582161949
0.017650741083478663
0.023108905657037288
0.022326546925142823
0.02914765854521998
0.02894036759042063
0.02808274221474303
0.016398685942767947
0.009626799424570884
0.019842657555274444
0.021282403079198202
0.030392758142953686
0.0320955109440655
0.041087247736598394
0.043442268483433515
0.041152038032253105
0.033226004004831555
0.035561720452176385
0.05623022995240403
0.06702772496928001
0.06063714803906932
0.06595676297857714
0.06189154745914892
0.05781210909244303
0.04744385335400513
0.05244292009870273
0.057716582027064305
0.06841181112879291
0.06391403470334274
0.08595637745788028
0.07150264493684258
0.05595750757315495
0.07570625091110224
0.06464590818550052
0.06010491672379009
0.04711610339432856
0.05067241914014368
0.05236866677585532
0.05010859281187314
0.037048458179020666
0.0035390803917579442
-0.014928605458319907
-0.010374762695295497
-0.017932386560444644
-0.009670208800283322
-0.0013938432933504506
-0.02034751027102848
-0.03253836610552162
-0.014065017509476531
-0.007560502040317318
-0.021044986431480985
-0.010499287720070022
-0.009916159201259517
-0.008441295628083188
-0.018564009375589212
-0.019514672609123363
-0.03155315174267002
-0.03482494928646859
-0.03535670895775121
-0.039540034768128604
-0.021766045568890613
-0.026683008520249178
-0.02566908230045613
-0.025334767263129374
-0.02121061466458896
-0.02245561054972733
-0.01567397275976552
-0.013841503689991543
-0.007548131160234541
-0.011932064077523657
0.0037334848738384543
0.0024098104923382974
-0.0034181684093561025
-0.0057272296236005335
-0.002036389824602149
-0.02570158058346965
-0.02152090122090772
-0.01740225213865714
-0.014700932131169625
-0.00023082950929164046
-0.010440670803181609
-0.0066768911808036836
0.007956212501339929
-0.024428289879030906
-0.017838182432851298
-0.02061200279598002
-0.036891871750854774
-0.03338135455794632
-0.01908452603676307
-0.01326681635507586
-0.002795749347709602
0.0015858762721350575
0.007198537401971248
0.003134709460969172
-0.003975732916953551
-0.019503675098366414
-0.01620957810057073
-0.020443281077055172
-0.01746171705484549
-0.02639174473313647
-0.02602794640188771
-0.04409493149939136
-0.04873600704607934
-0.04734198779462906
-0.03335374899585487
-0.04086326691997439
-0.03210204992619566
-0.03205905297797172
-0.04504812965479616
-0.04668861362794048
-0.03711803388391744
-0.030468897682611865
-0.03361712297602968
-0.03514281484716414
-0.03763143858680983
-0.044796393724202785
-0.04106267504218534
-0.053541021511824376
-0.05698340570419823
-0.05455268058847128
-0.04275044826979946
-0.04839332595524513
-0.03979073896625303
-0.07509155083745839
-0.10207531317502234
-0.09196314608336358
-0.09664756186640026
-0.09581749141771753
-0.09171646891151945
-0.09583200286970349
-0.12263732523721181
-0.11858819904427516
-0.13181215566926496
-0.13762040947268483
-0.14318086101519276
-0.12491559509770665
-0.12615646927893243
-0.13998195014781467
-0.14056809038846066
-0.14787444181737275
-0.15521814505770967
-0.15577413731303247
-0.15238565592570452
-0.15534199709094176
-0.14963700221459808
-0.15391117679561284
-0.1578897932452781
-0.16177460180628964
-0.1561402794974554
-0.15008116406861838
-0.15068009176162064
-0.1498522637454963
-0.1595849127676225
-0.16022835588185455
-0.1521092125603003
-0.14242132204445995
-0.14139655730105133
-0.14193502886112055
-0.13786468400807148
-0.13767455909954113
-0.14167631400139827
-0.14653890188719076
-0.1590246189451303
-0.15379744844685475
-0.15232781319565344
-0.15610449371775664
-0.15434928000660414
-0.14979367102437965
-0.13815862497532352
-0.13132623669100355
-0.13419022377988418
-0.11866336876673488
-0.12066586304261838
-0.1516552272778867
-0.11695374342655318
-0.09031086646567202
-0.09242333969871763
-0.09797169174417467
-0.07437867292424281
-0.07965232511650554
-0.07733174098028804
-0.06990906505989643
-0.0697897902827843
-0.07355299846432568
-0.05991951097354567
-0.05939302069365287
-0.06282653022124102
-0.05891970086793096
-0.06078149606822621
-0.07633728985841484
-0.07718648054121749
-0.07333568088008735
-0.07734494865022012
-0.07836765585015931
-0.0820957636007253
-0.08086843539640008
-0.08268258528262075
-0.08063117672017618
-0.08903252800332427
-0.08997531810076932
-0.08469933826596264
-0.08344556204082312
-0.08188432327986676
-0.0519813051418513
-0.05250653206974451
-0.05680892406522342
-0.058816701007328366
-0.06846823598846767
-0.06551980711226495
-0.08500759918454255
-0.096537266581854
-0.062026851364217955
-0.0751365134459279
-0.09212377855232717
-0.07743715591587583
-0.07279697798228468
-0.09090201244241637
-0.09868029003569508
-0.0990249795866015
-0.09970070043673321
-0.1108803027744458
-0.1131574492964849
-0.10957660682519921
-0.11877028531761386
-0.13748623012397812
-0.11270703059680938
-0.112681177343887
-0.0901375698977366
-0.08914912195550607
-0.08575157027386242
-0.07558627115293103
-0.07613779831198145
-0.0887100151150568
-0.08258757420837234
-0.0738848816747787
-0.06812667098369546
-0.04620076401204465
-0.046796732585362565
-0.05249810589147089
-0.05475890282351045
-0.04624461156000691
-0.03940209981810326
-0.02813993649021047
-0.01633362777876797
-0.02539254220403398
-0.011829520369269209
-0.0065269408871747115
-0.0020568870876441245
0.0034770839956216317
0.021862495545961622
0.012312116650848552
0.030793685925778098
0.028229530044303695
0.020081749807407633
0.025116514056333295
0.03748073028414149
0.04006386071223124
0.03592838993490304
0.05113309294805869
0.050439567084701445
0.03933306045347948
0.05426958222385106
0.06575348858497353
0.05472372382520238
0.06207624531629685
0.05753361772856772
0.05494413625561978
0.04951595005177694
0.050989761911251166
0.05226801456539882
0.05901458648443634
0.05463062414400647
0.05337301690136033
0.060064761365317805
0.056958041995832265
0.06248025087458856
0.04598778764243913
0.04497812119301055
0.05413773489456726
0.04677234643895963
0.0619370675503821
0.04502303266172113
0.05294600633196482
0.053465402327504505
0.059146647225979634
0.05306643270662651
0.06647594839050673
0.06303333932835087
0.06342677542362365
0.05784420677005575
0.06786718549422635
0.07092763200615339
0.06418318432097758
0.06802582027737956
0.06798267142111798
0.06296158167004008
0.0624734009162475
0.06888459968872232
0.08785264531016367
0.0762204156104423
0.07406071262837077
0.10099238147400892
0.08803032222935032
0.06849810878478024
0.08119914726537653
0.0712089804581206
0.04305666692649082
0.053964300921819294
0.04544303884600128
0.03447628389281866
0.035582124323159235
0.0343984688727809
-0.0003110805752588765
-0.010093997251774392
-0.007976559899466247
-0.012714339144269294
-0.016568656557956668
0.01463484153038569
0.01355783421695873
0.016184699309662424
0.020907763605588416
0.026117812458223158
0.02161986119941837
0.029600902524554263
0.030353618137596045
0.02680056100857501
0.03168238912450161
0.024956531705444866
0.025387751722778528
0.026666671687044445
0.035394580965667985
0.03590076908565862
0.036944654224187974
0.053882576596807855
0.05556359994927114
0.05344243598036298
0.06118378537210764
0.07467288139968409
0.05832201167561299
0.06414525174429317
0.07600463175047037
0.08846466428469942
0.07947114829189016
0.07497980040203168
0.08074684373912078
0.08034048329058974
0.07830313951258897
0.08305557750080358
0.10649259425431698
0.11293697387062177
0.11769759737487893
0.12256223669155533
0.1337502370488863
0.11258057372023991
0.11534206416179599
0.0890219335026837
0.08919291431924192
0.09064193738184427
0.08395572720916894
0.07726728486066764
0.075624548687739
0.08069016843711485
0.06718988084967666
0.043945157732991645
0.03139952504934977
0.03428249851030226
0.03810113722842699
0.03856055261726498
0.019565646345085393
0.017193348883864135
0.004607775309697336
-0.01367215687775786
-0.002619975388133787
0.01816096378433548
0.012594208124927102
0.011444794899413793
0.01027294344397106
-0.003206112329063137
-0.0025604824532961894
0.0061651889175830575
0.007100714574817847
0.013178853571951773
0.012084891309133086
0.0009451880969484086
-0.024937987204159934
-0.025193977277379254
-0.05416255874389489
-0.07514849489156243
-0.06260035251712806
-0.05636853357900455
-0.05776041298534074
-0.05411426092777632
-0.03921352836914079
-0.032276474847784765
-0.031624014147358465
-0.060549188669159336
-0.034318045084062776
-0.039706278485255125
-0.0434758444293668
-0.0955497409597375
-0.10454876244519082
-0.11894848917188988
-0.12515305678198782
-0.1718651908410405
-0.15980680708601724
-0.1597468076556614
-0.16453689733463436
-0.12522766103770258
-0.13567400076644442
-0.14559640279426192
-0.140179554097507
-0.18198018243215053
-0.1789646549358797
-0.18511913246997197
-0.17250622782671754
-0.1594309415119214
-0.18077366584561685
-0.18771452264399685
-0.1829073996323204
-0.2392329862407606
-0.24130206277675287
-0.23388575846845963
-0.19732927730210564
-0.16935944646836726
-0.1888381147765894
-0.19783763285061337
-0.1951942752280877
-0.21835092264782308
-0.2116525254405086
-0.21266225280674836
-0.17950055015827635
-0.18770606346770977
-0.18549280834899226
-0.18604330841082153
-0.18901923856433508
-0.25194421467543565
-0.24947822854655322
-0.24951482804536307
-0.2414457122743862
-0.24263461616112825
-0.22851361493833094
-0.23504518475637298
-0.2335311915504554
-0.23050692384967233
-0.3320260370040129
-0.33669999141385365
-0.32374109820932967
-0.3271392904433113
-0.3314201800877231
-0.33639761061771034
-0.3310635957474116
-0.33591040141310735
-0.34754607035179286
-0.3667486218841508
-0.36637217282341605
-0.3662602760772906
-0.3692955376114471
-0.37907263644464523
-0.38424838177814064
-0.3837495008011776
-0.3907886415040794
-0.412039479520135
-0.41030681910935385
-0.4097091554878474
-0.4131998007149981
-0.42628362068910025
-0.42656511284384674
-0.4235975380429681
-0.4320846888128191
-0.4322596439976315
-0.43137752658110273
-0.4314908343358074
-0.43732934504800636
-0.44750007375390977
-0.4433059257241635
-0.4505067630272968
-0.48017884448447135
-0.47435349463599713
-0.46899729119932787
-0.47189868913227
-0.4737188873000003
-0.4724491631153616
-0.4720272565566744
-0.4821264682457912
-0.47558820753844516
-0.4765542610240489
-0.46970754575552237
-0.47105251877129894
-0.47906769627743395
-0.47240814174435797
-0.47206490425814873
-0.49462449579962686
-0.5045379200173099
-0.49973800907547483
-0.49915713186045
-0.5015115541387748
-0.488776715936433
-0.48777129677690007
-0.48838069000159184
-0.48375655248094857
-0.5002679508659247
-0.506396043837587
-0.5057868563764437
-0.4883328561487233
-0.4924268236416191
-0.4941973923112528
-0.4938312593784444
-0.4927497466697694
-0.49998465013212523
-0.5015807607191839
-0.5035483851309506
-0.4996886550291861
-0.49760015180011147
-0.5029393266245302
-0.499984396323758
-0.49325919633784676
-0.49276399575729335
-0.4987175085361975
-0.4985730435951091
-0.4985610189324166
-0.5055846775145084
-0.5048178400018642
-0.5042859043176844
-0.49478467964899064
-0.5039182566798348
-0.5075116069733763
-0.5090275170280111
-0.5026252153885697
-0.5051475452834964
-0.5042471549082818
-0.5049377079640031
-0.4971120183056193
-0.4961758653793018
-0.502107286897856
-0.5028764707040514
-0.5142911763048309
-0.5129213474873947
-0.510369574838037
-0.5157525100033785
-0.5111446106939135
-0.5119722541205867
-0.5136376806047644
-0.5189810154927323
-0.5245021295752575
-0.5202531693072027
-0.5185921632457636
-0.5252750433947266
-0.5153248440605109
-0.5147429082659578
-0.5217588481087065
-0.5358364732064527
-0.5459154298542181
-0.5449446177006441
-0.5434720901273128
-0.548507823406857
-0.5419791798883788
-0.5471607207359294
-0.5504835640016953
-0.5683763391846421
-0.5688560239475415
-0.5733372490545101
-0.5698393489638772
-0.5700919911086603
-0.554596852375455
-0.5577686445964027
-0.5572002720132949
-0.5618343932532882
-0.559949820065693
-0.5621705076973764
-0.5605536245563798
-0.5618584974421909
-0.5634877328806384
-0.5263208084852844
-0.5280668595147863
-0.5392173940834846
-0.5427251972407021
-0.5383147260118873
-0.5366837075249822
-0.5388169468072078
-0.5375303491535972
-0.5193612321168327
-0.505665789979776
-0.5010019432481821
-0.4879790159793744
-0.4922947224985501
-0.48337012572736177
-0.44449422390341303
-0.447784712432372
-0.44170992778981505
-0.4265460700017127
-0.40909376736932834
-0.4098287467161211
-0.4186438534408028
-0.40534610730377607
-0.39836194136354697
-0.4017412332460255
-0.3906077759085225
-0.38901114205959014
-0.38050695637018916
-0.37231936051890435
-0.3728295273132503
-0.3679742268393844
-0.3529923709391782
-0.34831974858721965
-0.32677353395587916
-0.33024511370802695
-0.3344141874231064
-0.34782729241431953
-0.3379553159418034
-0.3322713440337868
-0.3324019141327817
-0.323503933177646
-0.328981913233039
-0.3275224931557809
-0.33245694141903437
-0.3090812009877418
-0.2904814969875136
-0.2904439236253177
-0.28872038874134104
-0.25500498381661957
-0.2511581168013347
-0.25029423692986713
-0.2515097456004631
-0.27564082071150825
-0.269131263295502
-0.269350641775105
-0.2633722184309995
-0.27021410625504794
-0.24510018944267364
-0.24552889241710657
-0.24365442197827608
-0.2659733033861882
-0.2601042440056244
-0.2447801670377506
-0.26414859962552034
-0.2494578846693341
-0.22971109461675637
-0.2234365722680691
-0.22499276800876075
-0.24735986792597991
-0.21792774575036872
-0.17972424765740744
-0.19577805880877347
-0.203564875651792
-0.19721580253695856
-0.19302826223150368
-0.19017407152495155
-0.1951605281456783
-0.17265781374079514
-0.16751646288182198
-0.1660184799905774
-0.1785050084807658
-0.17375267672391834
-0.16121596183909898
-0.16506103961109017
-0.18043308195123892
-0.15848628506042473
-0.14758185171105762
-0.14829175467944938
-0.15334418491584223
-0.15284967714405365
-0.13605739441647693
-0.12890481961618708
-0.12873696652223857
-0.12317313759992243
-0.11968701348940128
-0.11357534401124306
-0.11621516753984897
-0.11499650786332016
-0.0960897918106624
-0.09151843724716563
-0.09152594987970945
-0.0914525959625668
-0.0842380078869707
-0.08228640820655554
-0.07318246881195448
-0.06798899942813864
-0.060821309546497705
-0.06268368487838637
-0.06960009646294847
-0.06407066461141586
-0.06459740330873168
-0.0645334862141206
-0.0717368832026636
-0.06946147629031749
-0.06168701554883868
-0.06035903611202188
-0.058563476532318415
-0.056461664877749146
-0.05575007837421447
-0.05491258184416477
-0.05764181790860758
-0.05320251770858201
-0.05386218361291734
-0.06019965041168121
-0.06324459140516024
-0.06591796224628162
-0.06912832415572205
-0.0711018877907161
-0.07180553490350962
-0.06896276398409608
-0.06730121407024844
-0.07061443159775573
-0.06557578832429271
-0.06240910689804607
-0.06680495814512193
-0.06755563895527318
-0.06799507441931942
-0.07511027130458163
-0.0816671896426655
-0.08955311210530956
-0.09749911376113275
-0.09318825407861574
-0.09966391115950524
-0.12458470479053813
-0.1256022792420365
-0.12347484709361967
-0.1284292218350821
-0.14629133008950979
-0.14392757988025195
-0.13132436149612323
-0.13833575037755508
-0.14352461740558045
-0.1478872270323475
-0.15012798755157
-0.1500792403706574
-0.1597478996044818
-0.16901216865221283
-0.16656679996229756
-0.16888417226865876
-0.18609229312884723
-0.1854035172902476
-0.17814623471845312
-0.17806521532640004
-0.1773376740531072
-0.16055916288422717
-0.16247729119036092
-0.16773304698093353
-0.1715824036786384
-0.16755586216542803
-0.16228567381271283
-0.1662735390150253
-0.16824293050918845
-0.18582427528353498
-0.19182887058010656
-0.1938556331787584
-0.19941138832366467
-0.1970125305671051
-0.18477720612051485
-0.18036667347296476
-0.18539698135176566
-0.16554474268149
-0.17469482883227885
-0.17472923749790475
-0.1818079555875797
-0.17831816052118046
-0.1712361066551696
-0.1715993476338819
-0.1759079182538397
-0.1704697795128709
-0.1674163952982357
-0.17855751850121562
-0.15525873478433963
-0.16855659083870567
-0.1743303539711396
-0.17783224032143904
-0.1802431331061832
-0.1563828670705607
-0.18700037787218168
-0.22517327114900615
-0.2120598135676645
-0.2075678087228034
-0.2146257873722592
-0.22506066977313371
-0.22993945525348386
-0.22580641064450102
-0.2577498071144231
-0.2759695339332052
-0.279967037812793
-0.27115358348781116
-0.266671588258539
-0.27424205148387876
-0.2703457373979748
-0.25375502954509815
-0.2865666593302681
-0.3139473831042942
-0.3150200718693511
-0.3117396532309783
-0.31315239981872145
-0.3330535158580077
-0.32639434492569597
-0.33498096795971455
-0.3443480275348471
-0.3543050043587958
-0.3699948323859689
-0.3658547872526513
-0.3701755444509892
-0.4161816380961706
-0.4366535029230617
-0.43907170280025765
-0.44012474437742843
-0.459597242884093
-0.45993633771224934
-0.4864676817828716
-0.5070340012336345
-0.5210088208358208
-0.5269250696842942
-0.5328776757316693
-0.5341277020966082
-0.5334098941037525
-0.5384143094106515
-0.5317567278983467
-0.5329951766417662
-0.546788819842517
-0.5532320432562855
-0.5620776900790869
-0.5639713813347026
-0.5724215510406402
-0.5767422237523294
-0.5718958776026135
-0.5782673694626741
-0.5816345751580293
-0.5706253095709307
-0.5585518455739261
-0.5571723939106723
-0.5406125425519219
-0.539356301794952
-0.5410243713714804
-0.5401342700765317
-0.5442713003691222
-0.5396027977853428
-0.5450867835480923
-0.5421799559272054
-0.5412796322746007
-0.5436668858146197
-0.5431948110540151
-0.5503830177007142
-0.5509193640083593
-0.545640742695005
-0.5445290355591731
-0.5345216471729877
-0.5173846151613113
-0.5145457187083862
-0.49915490390824424
-0.5061420623101782
-0.5198586322932413
-0.5153982970001902
-0.5169688355908155
-0.5208542131131227
-0.5256130571885874
-0.5148106354608191
-0.4979729325716132
-0.5027426176520631
-0.5065176725482852
-0.5003598052469853
-0.49156909860102266
-0.491812399945587
-0.4908069927011494
-0.49055098755754206
-0.4896643311369461
-0.4968109488780924
-0.5089330977065908
-0.5122879077819422
-0.5111919053235918
-0.5133959940459101
-0.513303371737764
-0.5148141300764318
-0.5054938459696552
-0.5082706515366233
-0.5022006846095405
-0.5046386644915174
-0.5066052441027477
-0.5104217012018788
-0.5095700867302025
-0.5067361193135909
-0.500463474034773
-0.503209758378266
-0.5233901399199862
-0.5186438602347119
-0.508006131336001
-0.5240774912680255
-0.5334761322604494
-0.5174425474649198
-0.5181520346681733
-0.5243541539608181
-0.5306608431282777
-0.5287628410276476
-0.5259287643952355
-0.5314996022504959
-0.531936579945416
-0.539536635865431
-0.5417162800063109
-0.5445113350845209
-0.5481395172857503
-0.5425248305501661
-0.5495638259122397
-0.5492691380835605
-0.5482707165664457
-0.5434704796391496
-0.5454253402253192
-0.5444907069657358
-0.5355032015640317
-0.5345209812884415
-0.5311643418881593
-0.5325820650233396
-0.5316413883971798
-0.5293856280542254
-0.5257002282734374
-0.5478025363831743
-0.5505476179421822
-0.5484259672088958
-0.5505980830519287
-0.5519414096208751
-0.5478153168744389
-0.5424807473311825
-0.5377943087839624
-0.54623301755011
-0.543685090899936
-0.5695029183954521
-0.5706069642006943
-0.5759176277630508
-0.5790204174354395
-0.5690602574668884
-0.5741680137293284
-0.5784212503313745
-0.576379592813717
-0.5731091519004511
-0.5799178832442481
-0.5733551331521347
-0.5655667125288221
-0.5617318344059381
-0.5702426733774442
-0.5722717810124677
-0.5701084824358154
-0.572306991208616
-0.5759534318674949
-0.5822024889715008
-0.5846974804347201
-0.5751536559830137
-0.5785119137142286
-0.5799670806552449
-0.5838608837427425
-0.5820092443911754
-0.5897794431407071
-0.5923625014780332
-0.5917765092606951
-0.5853313962712606
-0.5845804262667594
-0.5845752491551556
-0.5817751572915172
-0.5865450349697745
-0.5976439736274238
-0.5953941599372132
-0.6073448776668753
-0.6047912416553958
-0.608085683799087
-0.5949748491997218
-0.5950560444337986
-0.5891035144850202
-0.5912603275431179
-0.5975844002967827
-0.598699799260973
-0.5958844126729715
-0.5979056896531635
-0.594783995474529
-0.5903267266699515
-0.5897332002983844
-0.5873715932446416
-0.5992883928822097
-0.6127271366815558
-0.6052364068111297
-0.6231185044536358
-0.625938052353775
-0.6157298359848511
-0.6163427502093122
-0.6221726271906706
-0.6184277615635558
-0.6156573297522593
-0.6280283645798059
-0.6388939051475698
-0.6405543756007539
-0.6391721532666337
-0.6383969448025051
-0.6444747566869127
-0.6480214161640114
-0.64573804809033
-0.6445468615327735
-0.6472826930628386
-0.6448536174101555
-0.6381559071030382
-0.6393998364475768
-0.6424520174584564
-0.6456579117896964
-0.6442031352870344
-0.6410856998836629
-0.6502812294600009
-0.6628203996557483
-0.6620355692932975
-0.6622275365466076
-0.6708219981081043
-0.6677198505344579
-0.6635648975967849
-0.6615969215930376
-0.671932978428613
-0.6706052124946359
-0.6691189869400482
-0.6695856982241457
-0.6643269638872015
-0.6448260379764544
-0.6372141843557322
-0.6508112110346774
-0.6549204827017707
-0.6575322787330257
-0.6536582702681714
-0.6474945681145733
-0.639138865747779
-0.6189474648031889
-0.6152709970219616
-0.6066779465015312
-0.6027909627413596
-0.6055535599020159
-0.5978943197004949
-0.602642148723034
-0.6022099491689166
-0.601949553417527
-0.6014603587653459
-0.6077445867379816
-0.6176396369695086
-0.623844976615014
-0.6250697883861309
-0.6246301446488429
-0.6375647911498438
-0.6357363722061528
-0.6340516659257527
-0.6395414562868821
-0.6300185436376879
-0.6211429356054196
-0.6199309991302133
-0.6243124479299675
-0.6226317093918265
-0.6230551472847543
-0.6143624638715203
-0.6168265957142106
-0.6219680543578444
-0.6149772220054802
-0.6154347741274949
-0.6200913871756047
-0.6268698062739745
-0.6150982150522994
-0.6178831792407722
-0.625644657936549
-0.6188472933348155
-0.6126786088294776
-0.6128629260301304
-0.60401926731322
-0.6064175577872
-0.616679451581872
-0.6221273447471395
-0.6233560649244846
-0.6301833898241873
-0.622977824685311
-0.6243730384776602
-0.6257393009988159
-0.6261362243003324
-0.6261246386680324
-0.6263241829047389
-0.6298714773456873
-0.6306896042133463
-0.6305672297213232
-0.6241326802148162
-0.6247831119990372
-0.6171069963410271
-0.6121375854470463
-0.6100930784815457
-0.6144537805990812
-0.6174631718731459
-0.6142506639607227
-0.6147792452860618
-0.6024139612147547
-0.6015189711342498
-0.6027211966944683
-0.6046129570570656
-0.6109389541846095
-0.6101946904761913
-0.6226690896153788
-0.6241806924279605
-0.632849666667754
-0.6312404601562626
-0.6292229203079671
-0.6290134063742664
-0.6357425316725518
-0.6367579475125329
-0.6334583947838558
-0.6352465051260474
-0.6402150234404365
-0.6424755051174498
-0.6375251909561979
-0.6365222736653765
-0.6479883412444277
-0.6428232938941932
-0.6394895430651631
-0.6394818677046896
-0.6485284392761873
-0.6450947142213078
-0.6441035327445083
-0.6342323381495829
-0.6440504215566426
-0.631583312579339
-0.6277767915507442
-0.6277445919451848
-0.6280128833942263
-0.6194458088807684
-0.6072698125298314
-0.6045614800848043
-0.6163776594042109
-0.6145920601349703
-0.6142669194921331
-0.6122032250501668
-0.614126066901796
-0.6109795796671493
-0.6099695864410836
-0.6133693524038888
-0.6143208471790192
-0.6134492579199492
-0.6072768937086086
-0.6042740628587341
-0.6086025175382799
-0.5996920315673576
-0.5930236561309742
-0.5962893223323823
-0.6038485316096232
-0.6006425229440322
-0.5954022641716349
-0.5925160520416426
-0.5888787387602846
-0.5911416148451175
-0.6009998453673233
-0.6013448668503667
-0.5987207759932093
-0.5920634564343243
-0.5842253898080959
-0.5872511917166863
-0.5887123188178501
-0.5973789146841979
-0.6096902308106205
-0.6143993981717609
-0.6168756843493243
-0.6225279659646591
-0.6212384650738374
-0.6297814357866716
-0.6287607070588216
-0.6317350486288473
-0.6350381945755329
-0.6431740192498004
-0.6271254456850313
-0.619488984427571
-0.6152854423926372
-0.6113657197354693
-0.6098442731354191
-0.6003752085571723
-0.6010909646943069
-0.6037264869451604
-0.6036693883861776
-0.6142994538506673
-0.6153975613821808
-0.625961112901134
-0.6240861926246511
-0.622831308650387
-0.6209180658131044
-0.6287609417976068
-0.6219001763830507
-0.61982740070561
-0.6145145237567524
-0.6168472741858939
-0.614930895802366
-0.60860119341876
-0.6121890499477349
-0.6159132227816585
-0.6184708962890589
-0.619737453508073
-0.6218470873807324
-0.6232301896665673
-0.6366600132865803
-0.6317597619693502
-0.6300478039291516
-0.6336117211799756
-0.6288476320209587
-0.6160665118179987
-0.6059811811196227
-0.6084835024937666
-0.6086854013407373
-0.6082932258156317
-0.5978941481648509
-0.6153706539998683
-0.6145972144258574
-0.5971541245330164
-0.584698575648579
-0.5899602568194428
-0.5927855416229686
-0.592111577069519
-0.5954493903206031
-0.5951177205844471
-0.591223688829861
-0.586847441319558
-0.5737400586788112
-0.5705991998854901
-0.5840831122923303
-0.5809477696270513
-0.5806190153326137
-0.5832237914043148
-0.5785827490310368
-0.5723008856055892
-0.5749908880577201
-0.5752330703614629
-0.5705003012442065
-0.5705819643816226
-0.5701559488984878
-0.5573913405884764
-0.5492050152229618
-0.5336790641294522
-0.535908846525663
-0.5310020474922725
-0.5345194642894225
-0.5344105854849084
-0.5316823359127166
-0.5360615939983886
-0.5289816902438671
-0.5217203108286514
-0.5337801346280383
-0.5319468126150497
-0.5218624051538715
-0.509894652393199
-0.5109602980046121
-0.5036744522453778
-0.4865795773827581
-0.4935241551526191
-0.5027167125503843
-0.5061823487748167
-0.5071117968418672
-0.5113414190562583
-0.5218034300319453
-0.5255963517701983
-0.5154072209891074
-0.5141749840353252
-0.5262842924939685
-0.5289256159230077
-0.5281978720411507
-0.523412102859907
-0.5271494763759583
-0.5327962705734501
-0.5295440236494608
-0.5303622746665969
-0.5409078263471575
-0.5466077750480784
-0.5370137000886905
-0.5366883897549871
-0.5424170225043807
-0.5500731813415152
-0.5425324548225912
-0.5430890608913311
-0.5539758632624358
-0.5548480372228236
-0.5588076525299984
-0.5598022694103126
-0.5513742604295628
-0.555195569644333
-0.5569433295321453
-0.5553747602170307
-0.5620618034213624
-0.5496283839590774
-0.5494624569358734
-0.5488273943314451
-0.5518208228371253
-0.553769339727713
-0.5574439491539281
-0.5585424225420069
-0.5585980329061077
-0.5523624532140384
-0.5512573973286671
-0.5413216476181977
-0.5390860067217529
-0.5305949440936588
-0.5402806595798584
-0.5463410649051896
-0.5575259423396784
-0.5586213766382975
-0.5592270267141595
-0.5536707681735569
-0.5419561790310374
-0.5404072453165534
-0.5402860765959777
-0.535536182557502
-0.5431240884983591
-0.5340947547364653
-0.524803748203781
-0.5170581542192851
-0.5221343831498126
-0.5205048836474604
-0.5252307836892335
-0.5291713390178537
-0.5426185721523246
-0.535067028650082
-0.5294747605822182
-0.5249620563963034
-0.5370950011719225
-0.5326835568242427
-0.5286768204338088
-0.5391782099279822
-0.5449111974459687
-0.5414132056789853
-0.5348634769441785
-0.5324408088198372
-0.5396837639365043
-0.5352595324706864
-0.5377713341403147
-0.5558025932225616
-0.5610823339897654
-0.5406342669350356
-0.540055250427823
-0.5394977873962868
-0.5455500766481262
-0.5338959413498505
-0.534472326647833
-0.5398298987311375
-0.5415083138231576
-0.5408338212974086
-0.5367242200124636
-0.5372912343567227
-0.5495240948652738
-0.5465597619157067
-0.5487408067251027
-0.5640758475390132
-0.5679565161749983
-0.5653863419940116
-0.5657616251207196
-0.5692290617334683
-0.5748390642526875
-0.5715013937745785
-0.5727039921711994
-0.5776279107261739
-0.5648211899749502
-0.5616976363866873
-0.5629141068695055
-0.5648605421929926
-0.5698380652225448
-0.5735361078980199
-0.5729766695218041
-0.5945233993018174
-0.5924515432974048
-0.5931400028571528
-0.5897506124496328
-0.5930914643957427
-0.5992166634729841
-0.5904541835315976
-0.5897301122906463
-0.6023470629925816
-0.5953841393395826
-0.5971416285486458
-0.5970316603588924
-0.6018425739443177
-0.6025194536210714
-0.6093262560893402
-0.6158928860752929
-0.6313152526696805
-0.6279543311783482
-0.6270382251736285
-0.6241820047907924
-0.6292786064903041
-0.6318753174974789
-0.6300884276481016
-0.6321440876263542
-0.6393975780332128
-0.6336220206357401
-0.6298582671732839
-0.6218070209592547
-0.6314370674833661
-0.6308654579945516
-0.6275037566555758
-0.6293210630444412
-0.6300920396563264
-0.6133065974385495
-0.6122481739644899
-0.6173209639555023
-0.6149944273455602
-0.6152487938276016
-0.611127554148722
-0.6056147229971108
-0.6004226017777131
-0.5956997787639908
-0.5970125167213183
-0.5949840894832221
-0.5936807612774103
-0.5936319481225152
-0.586287327739246
-0.5752435141994563
-0.5761793805474551
-0.5608775154599243
-0.5655766814776765
-0.5653262458563281
-0.5664885920007394
-0.5629560310796742
-0.5616029344236977
-0.5663791357059256
-0.5432903817391279
-0.5418424014418572
-0.5421201739357024
-0.5435654818648488
-0.5425134381876116
-0.5424438445683403
-0.5414876213839099
-0.5480513046853167
-0.5438177854950342
-0.5387487297061595
-0.5394258450692447
-0.5397433168112475
-0.5293180166344499
-0.5293151027821879
-0.529519444474276
-0.5410611605467509
-0.5409232885579405
-0.5385598556536846
-0.5382328334870623
-0.5463859857320271
-0.5504723013897745
-0.5483961058958915
-0.5485447960594473
-0.5634549474039121
-0.5630993539860745
-0.5581869801753375
-0.561870132060621
-0.5632317285981943
-0.5612317895547986
-0.550913902218044
-0.5504433288829332
-0.5627569563287808
-0.5579028665989837
-0.5544851985519161
-0.5559576328193585
-0.5560217771756913
-0.5531600576667594
-0.5485944831265862
-0.5503610370315022
-0.5585112931781061
-0.5481870150915961
-0.5500018594465814
-0.5631743646582764
-0.5630364130160974
-0.562903113718234
-0.5629273738103584
-0.560014623248188
-0.5650958856875242
-0.5685456336913421
-0.5697394491100691
-0.5680321226736285
-0.5743394947057571
-0.5788972388987281
-0.5682012364060405
-0.5726808879971895
-0.5725153091419778
-0.562990656483094
-0.5688173102037616
-0.5691849715699151
-0.5711986870385607
-0.5696157810258403
-0.5594469237872748
-0.549393755134524
-0.5514952757017222
-0.5509086337563939
-0.5556169810559943
-0.5561083032332229
-0.554952011447042
-0.5511279743672903
-0.5400889550574065
-0.530580265646384
-0.5339399476066422
-0.5217286243711915
-0.5230966680656125
-0.5171014760926046
-0.5071143868123682
-0.5011101822286058
-0.500098783223379
-0.49878520519234903
-0.5039237220422681
-0.4964171947217076
-0.49661411729030225
-0.487870928184228
-0.48254649275950157
-0.48225208125088354
-0.4813953666936787
-0.48249722545670826
-0.48409195835169866
-0.4664344494361133
-0.46220418608742586
-0.4578435433780714
-0.4616771848854382
-0.4501891756662101
-0.44218642709157796
-0.45403674173886455
-0.4567383174390039
-0.443294050008429
-0.44242950224022926
-0.4456019046182621
-0.4354371705436967
-0.4249511598390278
-0.4217669799356577
-0.4273648642931506
-0.4337234405811371
-0.4287830769778216
-0.43513884689094984
-0.4355070924961811
-0.4441053101245235
-0.4432146886614669
-0.44147928998077235
-0.4499766044353299
-0.4603802104309905
-0.46082653813180363
-0.4632415270412164
-0.46115148845264825
-0.4639321604285332
-0.4621906412238628
-0.46157623608601084
-0.4686542851260246
-0.4784812227805238
-0.4772525750444488
-0.4877495903982767
-0.48882711287836067
-0.495256227221734
-0.49323075025295976
-0.4955162303726872
-0.5032844922017428
-0.49983036159415856
-0.5217428946532625
-0.5212776075718452
-0.520144354233822
-0.5181220073101414
-0.518843376902458
-0.5132373796957248
-0.5127552507527923
-0.5028093557931411
-0.5040125705271106
-0.4990495892484434
-0.5035466945127577
-0.505248998856647
-0.5239545946695304
-0.53388715938634
-0.5387569736700139
-0.522091869951672
-0.5264994305008958
-0.5219824071382415
-0.5167700400722653
-0.5097941293828512
-0.5100564182383875
-0.5087073183570648
-0.5094091850932819
-0.48688681847720094
-0.4828581870457895
-0.4745855616823778
-0.4703307002081589
-0.4724862115642635
-0.486127790046251
-0.4959021072328463
-0.4976438491515164
-0.4802828251443439
-0.47459263153954323
-0.46345597944212547
-0.4705766709588459
-0.46985760888630457
-0.47503476075116574
-0.4751994322848879
-0.47326713920753166
-0.46172049011265237
-0.4481385916845142
-0.44072700415471977
-0.4509253566826842
-0.44684340095108205
-0.44391446581903227
-0.44654450730426853
-0.44892688181340457
-0.43011356756305286
-0.4087015276589673
-0.40696879799939834
-0.41178219782768216
-0.4012961763326989
-0.3941793263093434
-0.3955591154512256
-0.37928104716003425
-0.3702655818782728
-0.3608665985428365
-0.3564834408847328
-0.36742082525696695
-0.35922117858166797
-0.3583714101602463
-0.3594279895390516
-0.37111333935159446
-0.3613178933572512
-0.35300098460077384
-0.3567115451818637
-0.36871885790783465
-0.3659352647003477
-0.3615986337983841
-0.3624865146036721
-0.3737130885649193
-0.3734807628842662
-0.37112451583836653
-0.36940346231911897
-0.37658067357791186
-0.38058509259608303
-0.38059470324930006
-0.37887579903157703
-0.37869333410819
-0.3756339850738894
-0.3730568975998886
-0.3701775826854623
-0.3842940996259136
-0.38612635130145884
-0.38692243604355203
-0.38823880396264876
-0.3912487177850946
-0.3874226420966495
-0.37681443226705935
-0.3909296829250048
-0.3991250718395276
-0.3946408823614889
-0.40014614088855216
-0.4057995563795596
-0.37974441418097854
-0.3697155698558607
-0.37369839231407176
-0.37705854726825533
-0.37622026019989985
-0.4043117299051314
-0.405264066012812
-0.40766125113570767
-0.4021894263609292
-0.3871353800895466
-0.3804308895511624
-0.3940269401917954
-0.3932348241891583
-0.3808394813542404
-0.3880407489000501
-0.38868530148830477
-0.36645158289169893
-0.3477067237011767
-0.3523265680163087
-0.3560913317982917
-0.35773412058365184
-0.3596209207573805
-0.35275625452336207
-0.35399366181619213
-0.3597478284450366
-0.36156251992657235
-0.3532664868390499
-0.3631552900673841
-0.36341150968461067
-0.3423218460240087
-0.3333767088244855
-0.33152772228642763
-0.31779627164487634
-0.317112789747135
-0.31569154460521315
-0.3113360139768332
-0.30577047176396654
-0.30119961504463727
-0.2895423810149813
-0.2907228250760957
-0.3011422802878408
-0.29368076308382784
-0.29274109262671144
-0.29298122505488755
-0.2839753745311846
-0.27856018569931135
-0.2853480051452853
-0.27616380106486493
-0.27066958482878783
-0.2705796723311779
-0.26214039182910576
-0.25024673369513295
-0.24929646120552776
-0.2490588615979585
-0.24373182654385708
-0.24429664044517763
-0.2528502561326475
-0.2478421330543013
-0.24681282009861524
-0.24476358368141887
-0.24296583556387746
-0.23719724167938397
-0.22996641015548294
-0.22386216534214348
-0.22139770314311794
-0.21544857261142433
-0.22151814874668915
-0.22679975320987097
-0.2085741946036446
-0.2132954833061068
-0.22014678530841492
-0.220827440621105
-0.22093436991730325
-0.21218932414058017
-0.22719436255187953
-0.2357831997771273
-0.21755302565290385
-0.2174199867428344
-0.2238098928445233
-0.22447489056203568
-0.2218208784524602
-0.2370846506293867
-0.2652761955222504
-0.2768344809285762
-0.26375846380980383
-0.26762770935621116
-0.26547027370920934
-0.27097155782116755
-0.2816486917483315
-0.28867812557961703
-0.2976035747573554
-0.3053664666375279
-0.29281698469601325
-0.2886157419298421
-0.28869414762012935
-0.2988599658708707
-0.2958415396330624
-0.3033540655524647
-0.29401212423041734
-0.2968130396479847
-0.28501212118630664
-0.28293361346792834
-0.28753698703721203
-0.3042682985988775
-0.3084638217682891
-0.30468689778400215
-0.31546487340344054
-0.3127198033343796
-0.30289317735380444
-0.2945779382513177
-0.29908078378269937
-0.3072314650270616
-0.3060837991064546
-0.29768451388187056
-0.3000294516930917
-0.29313865774559633
-0.28310835408478124
-0.285880335077349
-0.2853985261984268
-0.27843512517718
-0.27113773805419655
-0.2579659354787732
-0.26367759933957313
-0.24573799085025944
-0.2491422686752411
-0.2251579221313761
-0.22176431074931494
-0.22285235664643172
-0.21918586479472044
-0.19841193112661606
-0.21620518428307264
-0.20947896210395645
-0.19963917153881552
-0.19661426179767938
-0.1985064868521606
-0.18950875506021883
-0.17453283576159795
-0.1746011995176247
-0.15507712988285624
-0.13516126987960855
-0.13229652663030236
-0.12907359720383776
-0.1220585877137289
-0.12204262675763138
-0.12090385525670005
-0.12388460670375114
-0.1218810711523914
-0.1138223044655618
-0.11112896683273313
-0.11611606225861486
-0.12542090952908266
-0.12730207952212935
-0.11244806529596027
-0.10830579100937493
-0.11428400385607745
-0.10034465430695233
-0.09939573680348021
-0.10492289930465132
-0.11705719497951642
-0.12837347379464015
-0.12549914943750573
-0.12288128124505263
-0.1326442617922141
-0.13389846662635124
-0.13844486561836664
-0.14626510770377524
-0.16605478623741335
-0.17081168424726403
-0.158341794050257
-0.16446606115043036
-0.1726152010558493
-0.1809307616146767
-0.16884354587245987
-0.1681084886242847
-0.15941098977213014
-0.1641757433556979
-0.15455078291624702
-0.15304185770096446
-0.1642800051647567
-0.19138817762563515
-0.187734839053829
-0.18883625560473521
-0.19380338612089587
-0.19007138548576885
-0.16985461382963715
-0.17732714135163066
-0.17996758028833476
-0.19098975919603772
-0.18321395130892434
-0.18794159631707583
-0.1897073552302969
-0.18490178255161224
-0.17298597305316582
-0.1791273146910623
-0.17574203799528862
-0.19136785215714017
-0.19199881780961572
-0.18836974448433116
-0.18631608341163527
-0.1731533715645833
-0.16794565033545852
-0.18861820861727527
-0.18296913238008916
-0.19488610481032967
-0.20161786717992236
-0.20185227343934709
-0.20188136903595602
-0.19012895013581924
-0.171077973121013
-0.18287317021119792
-0.17308636473295425
-0.16236369618423666
-0.169032581679602
-0.163781737485749
-0.17488894765841118
-0.1621165419089578
-0.156545006102227
-0.1773642566700857
-0.17243774548812946
-0.17563515631248977
-0.17746195777551801
-0.1846817912952653
-0.18195851882268374
-0.17349116149663862
-0.16272670906033132
-0.1591364147532781
-0.1702590427476095
-0.16062823730439926
-0.15389646917969368
-0.15615797785683735
-0.15607679441830216
-0.13792409706927494
-0.13397997515848742
-0.1398820342053311
-0.13049492561913537
-0.13060084983981363
-0.1350002988717876
-0.15491596498158566
-0.16194617273863293
-0.14952796054471443
-0.15714552983100366
-0.1578342281503491
-0.16084718317345065
-0.16444954461305208
-0.16209439638329926
-0.16313940254841056
-0.16325948424709283
-0.1643184094407174
-0.1630136370635832
-0.17990623119266358
-0.18559032986953786
-0.18540165251313667
-0.1852659349063793
-0.2096832630896699
-0.21398173556500227
-0.20730288739740108
-0.21949213947639024
-0.2518034931429515
-0.24011795399142546
-0.25189639564039656
-0.2601804648731786
-0.24904724852308582
-0.2456682407891397
-0.2549752120624768
-0.2515249834601024
-0.2527468294577753
-0.28471379501168936
-0.2899828810830183
-0.29321082066653203
-0.31271819259352
-0.30562656157809914
-0.292482860749148
-0.29995642981919307
-0.3012318700855522
-0.3038821385011259
-0.29385553136447845
-0.2929764703586624
-0.2839234941116071
-0.26880470863511885
-0.25828636137082367
-0.27923813967856453
-0.27705821359424654
-0.2740488867417271
-0.2686874034313161
-0.25738995640082235
-0.2505138714151654
-0.24048093912874205
-0.22858665392645774
-0.24379361583602516
-0.23505572847163084
-0.22026981471810736
-0.20953957469256193
-0.20624044819900722
-0.20135471825038626
-0.18952310921232443
-0.17906759282094234
-0.1903039778681211
-0.18280659567089838
-0.17234867044006502
-0.15100991094705463
-0.16034660112561397
-0.15858006278992703
-0.14844982327019846
-0.14963275907193557
-0.13619146492975517
-0.13424764771576686
-0.13401506714382422
-0.1236037467575795
-0.12910598169345067
-0.14129565099426997
-0.1381410104972535
-0.13827775231566228
-0.1385320934093123
-0.13362850397170428
-0.12013849080103493
-0.12510144143021823
-0.13555866848677667
-0.1408072276734687
-0.13576999670518683
-0.13431774721727105
-0.1255696836740044
-0.1194235539285092
-0.1172138317442989
-0.10628462340480989
-0.10956478252059794
-0.12124061812756018
-0.11942159867139046
-0.129050783534641
-0.13309488209796339
-0.12059818461653024
-0.12414302297992967
-0.11680360941871532
-0.1105137500620017
-0.11012877616884814
-0.10524829965541517
-0.11019883210601032
-0.13014171467336236
-0.12279328715286307
-0.12267713713637508
-0.125672203503316
-0.13424408529885518
-0.1359478675501734
-0.12690991354626677
-0.1366981146906074
-0.1445062652810016
-0.1323676688414794
-0.13223357050067575
-0.12456012997081081
-0.12876802797110087
-0.12637673456349618
-0.13098120009125425
-0.1266271494090653
-0.13734351111062654
-0.13941955042570447
-0.13136184948668414
-0.13663602263783542
-0.16094110019739952
-0.15881378135203472
-0.14130582843097844
-0.1607911469699691
-0.1638737901364177
-0.16554384809397069
-0.1675654213690344
-0.16996924877260303
-0.18047355433802942
-0.17432740444689254
-0.16458334631298346
-0.17458340191050062
-0.16874430026608175
-0.18922087559936085
-0.17926332129404451
