 -4092  -528  15252  -2712  -68  19032  -4412  744  18332  -4764  308  16628
 -3796  -664  15324  -3160  -276  19868  -4444  428  18924  -4296  104  17020
 -3396  -392  15064  -2088  -24  18684  -3200  564  17700  -3328  324  16200
 -3216  -476  15372  -2028  -8  19588  -3708  516  18592  -3768  216  17336
 -2992  -872  15116  -1868  -40  19072  -3820  596  17904  -3928  308  16440
 -3436  -640  14880  -2508  -372  18112  -4016  484  18612  -3936  216  16632
 -5456  1044  15116  -3780  1348  19168  -4836  1984  18180  -5576  2276  17412
 -3380  1336  14880  -2632  1612  18756  -4300  2368  17532  -4044  1808  16640
 -2828  1436  15268  -2396  1600  19472  -4516  2380  17312  -3816  1996  17272
 -2524  368  15136  -1772  336  18456  -3276  860  18108  -3000  524  17340
 -2108  -132  15508  -1504  120  19232  -2724  828  18028  -2696  -32  16700
 -2612  -800  15416  -1388  -400  19856  -2980  200  18560  -3004  -36  16400
 -2844  -1396  15536  -1456  -1280  20220  -2828  -52  18272  -3088  -648  16684
 -2716  -1788  15072  -1696  -1352  19148  -3276  -708  18280  -3464  -880  16768
 -3172  -1856  15224  -2248  -1616  19068  -3684  -960  18256  -3692  -1332  16852
 -2956  -2044  15288  -2380  -1652  19288  -4244  -1084  18308  -4020  -1736  16736
 -2940  -2396  15180  -2740  -2176  18956  -4696  -1520  17944  -4100  -1640  16764
 -3308  -780  15464  -3012  -312  19268  -4688  336  18132  -4136  -40  16704
 -3500  -412  14940  -1984  -80  18872  -3328  484  18068  -3644  496  16252
 -3632  -500  15132  -2516  -108  19080  -4192  460  18296  -4140  160  16680
 -3256  -688  15408  -2548  -252  19228  -4300  360  18128  -3992  92  16768
 -3300  -576  15288  -2032  -240  19016  -3448  528  18128  -3428  344  16784
 -3216  -552  15288  -2328  -180  19196  -3936  512  18220  -3936  108  16760
 -3420  -572  15288  -2392  -240  19172  -3780  384  18000  -3860  140  16524
