19764
19104
19336
20476
19468
17916
19140
18692
20220
18404
21092
20176
19112
18472
19132
19208
20880
18620
18724
18960
19108
18928
20044
19332
19144
18992
19664
19988
18772
17092
19756
19688
19772
19372
18604
18604
20128
18976
18816
19536
17896
19356
19460
21128
18956
18000
19196
20616
18776
20516
17760
18528
19200
20164
19636
19696
18112
20944
20104
19408
18172
19212
18400
19868
20192
20884
19164
18564
18984
21564
19476
20380
18700
18196
19108
18456
20008
19120
18132
19756
20740
19500
19156
17852
18116
20268
19416
18628
20432
18848
20040
19712
17704
18352
19636
19324
20240
18996
18356
18908
18316
19924
19440
19188
20616
19832
18060
19520
19164
20164
19732
18696
18992
20468
19440
19872
17980
18752
20064
20048
18732
19616
18704
19272
19576
18336
18956
20556
18124
20196
19272
19084
20016
18312
19676
19676
20128
19724
18592
17440
20632
20004
19780
19324
19040
19488
21620
18612
18476
19040
19368
20244
21084
18516
19944
17844
20128
20236
19364
18164
20076
18480
19088
19000
19356
18832
18996
20176
19404
18900
19284
18176
18632
20184
19528
19624
19556
18788
19880
19844
17748
17604
20240
19848
19728
18964
17588
18916
20044
19148
19808
18812
19928
18744
19100
19176
19356
19696
20236
18576
19448
19408
19160
18692
19296
19472
19988
18576
19748
19672
18856
18964
19620
18284
19692
19504
19416
18976
18792
18296
20684
20472
20304
20300
19096
19892
18200
18492
20232
18624
19588
20612
19000
19508
19460
19200
19488
19272
18248
20956
20096
19672
18644
19252
19340
19988
18452
20512
19328
19036
19060
19592
18908
19748
18372
20992
20284
18316
17916
18480
18736
20748
18852
18724
19752
18260
18304
20316
18260
19588
18900
18208
19804
19488
17412
19008
18716
19956
20900
18152
18168
19464
18488
20532
19076
18320
20148
19308
20404
19992
17316
18736
20132
19376
20200
18732
17992
20076
19372
19536
20240
18084
19320
20068
18564
20032
19344
18148
20432
19896
18832
19652
19480
19596
17944
18964
20040
19448
19560
20064
19540
18892
19096
18880
20248
19952
19076
19592
19528
18464
20420
19736
18328
19716
19300
19668
19668
17752
19480
18872
20256
19000
18496
19656
20440
18476
19148
17892
19380
20624
19640
18260
18844
18228
19840
19104
18544
19352
19908
18400
18936
18568
19420
19344
18904
19036
20372
18304
20064
18328
19784
20272
18080
19772
20156
19484
19452
19356
18432
19652
19484
19848
20604
18908
17996
19748
19420
20504
19840
18316
19112
20064
19408
19600
18240
19084
20724
18992
20564
18948
17736
20400
19584
18948
19808
18248
20804
21124
18236
19756
19024
18168
20784
19932
18644
19232
18804
18912
20612
19536
19248
19828
17784
20328
20188
17416
19024
19032
19732
19720
18500
20272
18580
18424
19812
19084
17976
20140
18296
19392
19192
18156
18184
20272
18744
19828
18168
18168
19824
19332
18680
20312
19136
19864
19948
18704
19048
18476
20464
20544
18484
18892
19952
19596
19868
18512
18920
20164
20128
18980
19584
18504
19244
19812
19404
19336
20096
18536
19664
19528
18472
19880
19652
18520
20308
19272
19856
18656
18944
19660
18656
19696
19952
18604
19264
19924
18748
19680
18304
18740
20928
19792
17936
18372
19092
20788
20004
18084
19264
20728
19252
19040
19172
18764
19440
19860
20596
19160
18396
19044
18580
18456
20276
17804
19456
19104
18692
18760
18972
17664
20316
19648
18872
19308
19384
17276
19804
19252
20028
19548
18476
18948
21244
18060
19328
18076
19320
19200
18744
20912
19844
17956
19952
19596
18812
20636
18768
19268
20048
18672
19444
20352
18752
20232
18696
18928
20252
18796
17444
20580
19720
19540
19536
18228
18460
20420
19228
20476
19144
18656
19472
18776
19828
20096
18964
19428
19332
19688
20240
18096
17760
19848
19108
18748
20192
19212
19972
19796
17992
19828
19368
18496
20436
19224
20012
20120
18116
18480
17684
20064
20768
18868
17900
18824
18376
20320
18448
18252
19552
20616
19052
20160
18404
18444
18892
20224
20220
19684
17384
19692
19672
18680
19096
19756
18348
20540
18600
19536
19176
19224
19736
19100
20464
19936
18424
18480
19660
19504
20392
18760
18316
19860
20284
18648
19020
18420
20108
20708
19352
18720
19880
17884
18744
19252
19660
20352
19616
19896
18640
17940
20564
19152
19204
20096
18984
19572
20436
18680
19028
19696
19244
20112
19780
18824
20300
19904
18876
19324
19076
19368
21108
19552
19368
19264
18444
20456
19236
20016
20708
18076
18636
18016
18976
20000
19664
18316
19544
18724
20120
19612
17752
18756
20212
19068
20420
18976
18296
18752
19964
18168
19660
18624
19300
20408
19584
18160
18996
18316
19680
20004
20432
19816
18180
18440
19468
20488
20212
18880
17848
19852
20016
19072
19000
18236
18872
20696
20052
19576
17764
17508
20264
20856
17996
19168
18904
19616
18684
19152
19792
18604
19076
20372
19420
20328
19176
18456
19528
19744
19172
20496
19388
19312
19508
19964
19484
19116
18740
20136
20776
19312
18008
19280
18028
18376
18696
20732
20920
18156
17396
18688
19804
20324
18868
18500
19352
19380
19056
19264
18096
19476
19756
20044
19844
18916
17460
18888
19416
20372
19856
18220
18292
18564
19420
20444
18740
18592
19648
19608
20328
20004
17076
18600
20236
20280
20148
18432
18140
19816
19784
19264
18868
18256
19964
20256
19124
19428
18668
17992
20328
20032
20424
20040
19724
18792
18164
18772
20188
19020
18656
18880
19844
20100
19508
17896
19508
20180
20080
19372
19028
18352
19996
19828
19284
19004
19396
19728
20224
18612
18580
19184
19408
19312
18752
19956
20324
18884
17676
18368
20344
20528
18932
17948
18636
18944
19992
18908
18768
18900
19628
20056
19796
17560
18132
19408
19716
19352
19336
18940
19244
19352
19236
20180
19188
18932
19516
19084
20152
19284
18288
19108
19576
19936
20388
18516
17996
18828
20408
20164
18444
17916
19328
20868
19916
18496
17728
19424
19992
20900
18516
20316
17928
19384
19356
19648
19280
19496
19716
20564
19080
19928
19052
19392
19500
20296
19056
20336
18608
18804
19548
20116
19180
20108
18464
20000
19744
19300
18020
19612
18564
18996
19536
20200
19024
18464
19040
19392
18984
19664
19504
18688
18556
19140
19456
19736
19068
19292
18976
19584
19324
18300
18724
19372
19864
19516
19892
18444
18248
19296
19612
20180
19456
19552
18516
19800
19512
19380
18280
19324
20076
20268
18708
18840
19100
19304
19632
19500
19564
19068
18612
19708
19768
18604
18600
19004
20032
20560
20560
19484
19140
19048
19984
19452
20060
18712
19736
19160
20180
19100
18884
19108
20380
19076
20036
18696
19348
18976
20408
19792
19372
18864
20508
19584
19440
19028
18800
19696
19360
18992
17960
19628
19696
18764
18956
19008
19924
20080
18740
18360
18760
19408
19408
19504
18432
19396
19532
19124
18832
18956
19568
19076
19296
20428
20048
18456
18356
19156
20224
19704
19328
18964
19424
18768
19588
19128
18996
18692
19908
19868
20480
17684
17740
19308
20148
19384
18620
18252
20076
19332
18400
18032
19604
19692
20604
19680
19756
19128
17396
19572
19864
19144
18496
20472
20416
19636
17228
19032
19732
19968
19056
20692
20004
19380
16604
19608
20972
20800
18448
20328
19628
19624
17272
18440
20432
20912
19840
19376
20000
18756
16704
18572
19696
19708
19652
19252
20616
20224
18940
16184
18676
20212
19660
19680
19840
20080
19608
18024
17504
19480
19540
19120
20132
19936
19860
18436
18028
19588
19084
19756
20044
20424
19748
18284
17784
18872
19148
20296
20128
20180
18548
16492
18880
19880
19924
20028
19524
20012
17832
16648
19740
19780
19924
20384
21648
19508
16284
17556
21428
19920
19872
19432
20704
19524
19168
16160
19444
19516
21420
20036
19932
19096
19208
17412
18668
19544
20364
19768
20412
19272
19956
17944
18648
19960
20080
19860
18788
19320
19592
18152
18096
19092
19520
20200
19832
19692
19396
18224
18028
19840
19744
19692
19512
19736
19024
19504
18304
19504
18748
19452
20488
20244
19280
18292
18632
18692
20424
20248
19436
19384
19428
18776
18200
18132
19468
19700
20328
19852
17820
18724
19736
19220
19360
19392
19636
19120
17984
18928
19184
18648
20308
21528
19020
20196
17976
20076
18720
20444
18772
20608
19040
21396
18152
19172
18060
20984
19636
21308
18760
19940
17844
19624
19120
20868
19140
19808
19544
20524
18100
17480
19484
19576
21456
19168
18828
19208
18100
18796
19956
19148
18600
18804
21048
19168
17956
17164
19628
19708
21132
18680
20324
19316
17944
18336
18732
20404
19900
19724
21252
17796
16976
19696
18060
20476
20652
17896
21480
18264
17100
20228
19068
17836
19900
18504
21072
19700
17136
17736
19864
20032
21544
18284
21160
18456
18820
18176
20348
18836
22180
19156
20772
18496
18800
18240
21852
18936
20852
19444
20060
18564
20032
17516
20208
19316
21960
19396
19248
18844
18460
19560
20256
19468
18808
19092
19464
19180
18116
18144
19224
20592
20196
19916
18428
18604
18860
19048
18704
20128
19192
19864
18948
19256
18908
18760
17716
20384
19832
19792
18480
18720
18692
18812
19472
20232
19996
19844
18996
19076
18120
18096
19016
20280
20332
19712
18220
18740
18996
19388
19064
19056
19656
19748
19772
18728
18372
19564
20256
21644
19536
19708
18604
18520
19308
19268
18732
20604
20560
19740
19100
18816
18172
19912
19588
20304
19592
19316
18756
19324
19176
19496
19928
20192
19072
18448
18836
18488
18312
19640
21012
19724
19392
18880
18592
19044
18884
18556
19272
19484
20628
19024
18092
18644
19060
19404
19904
18400
19272
19044
19100
18560
18852
18948
19664
20908
21080
18652
17332
18292
20136
19904
19816
19524
19404
19560
19132
17456
18528
19460
19444
19736
19844
19352
18412
18300
19340
20228
19976
19228
18216
18752
19744
19000
19128
20340
20520
19920
20080
19340
17408
18508
19860
20344
19952
19780
18988
19616
19688
18280
17944
20016
20768
20128
19312
18580
18124
19832
20564
19648
19904
20000
19620
19132
17908
18236
19452
20760
20608
19144
18032
19052
19004
18492
18780
19188
19300
20572
19228
18448
19084
18780
18896
19784
19756
19016
19356
17800
18072
20168
20904
20140
20432
19744
19692
18124
17464
18788
19404
19776
20492
19680
18660
18780
18980
18688
19052
19124
19540
20080
19852
18156
18428
19524
19992
20696
19824
18704
18512
18600
18228
18348
19072
20540
20212
20208
19220
17964
18556
19732
20240
20268
19436
19688
18536
19192
19496
19040
19680
20440
19396
19924
18764
17756
18912
20492
20388
19980
20040
19016
17820
18688
18776
19304
19376
19860
20636
19800
18360
17884
18256
19836
20096
18760
19388
19644
18480
18428
19012
19012
19892
20060
19780
18500
19076
18336
18992
20184
20796
20172
19692
18604
18180
17512
18532
19740
19968
20040
19720
19408
18420
18604
19432
19564
20004
19844
18940
19148
18860
18720
19604
19412
19484
20700
20396
17672
17792
18876
19636
20464
20060
19588
19744
19228
19480
17580
18608
19520
20568
20920
19488
16940
19168
20464
19712
18720
19396
20508
19996
18400
18528
18628
19416
20320
21028
20180
19736
18208
17180
19364
19764
20208
18852
20580
19652
17568
18608
18740
18516
19604
19776
19524
19004
18356
17716
20008
20076
20092
19344
18488
19216
20296
18136
17700
19008
21484
21376
19196
18628
18456
18404
19000
19752
19604
20280
19640
19400
18956
17592
19560
20052
19964
19976
18956
18080
19760
18576
18184
20040
20652
20436
19828
18868
18300
18700
18448
19584
20640
20080
19896
18928
18188
19032
18756
19596
20592
19456
20212
18600
16848
18784
20124
20896
20952
18880
18292
18820
19000
19476
18540
18716
21188
21324
19604
19364
17100
19124
20368
20188
20092
20184
19232
19132
18448
19196
18848
19596
20668
20088
18196
18968
17296
18968
20836
20624
19784
20160
18660
18480
19024
19088
19052
19528
19220
20420
20188
17936
17052
18164
20252
21468
18748
18772
19724
18836
19220
18876
19508
20128
20140
20292
18380
17584
18788
19480
20208
20264
19244
19528
19964
17788
17776
19324
19908
20768
20344
18920
19136
18728
18008
19112
19212
20184
18944
20416
20304
17320
18092
19816
21120
21948
19388
18168
20096
18368
18472
19288
20048
19864
20424
19088
20016
18504
17540
18872
20200
20336
20552
19036
18428
18840
19212
20152
20016
19204
20596
18480
18692
18148
17488
19760
20956
20336
20356
18384
17456
18944
19112
18760
19644
18944
20204
20712
17428
16508
18892
19788
20404
19964
19264
20152
17356
18828
18976
18824
20664
20632
19352
19244
17776
17312
20280
19228
20004
20732
19440
19068
18028
17612
20484
19504
19148
20152
19988
19476
18212
17436
19476
20224
20028
20172
19864
18584
18596
18196
19740
20892
19960
21276
19720
18120
17008
18952
19828
20456
19208
19652
20324
18992
17064
19536
18568
21032
20368
19884
20128
18524
16576
20176
18900
20748
20848
19508
19636
17828
17668
19676
18724
19968
20608
20380
20188
17220
15972
20884
20088
19860
19992
18916
19228
18836
16972
18472
19180
19676
21444
20720
18492
17112
17556
19508
21308
20124
20628
18984
19232
18260
17316
19700
20164
20196
20848
20152
17864
17128
18396
19304
20384
20336
20248
20460
17264
17632
20440
18548
19132
19744
19888
21172
18276
15976
18676
18752
20516
20772
21276
20796
18324
16748
19828
18844
20820
20888
19952
19660
18472
16240
21360
19700
19644
19944
20288
19204
19040
16656
19752
20492
20572
20036
20624
17784
19192
16652
20900
19252
18660
20052
20928
19632
17936
15108
19188
21248
20772
19648
19296
17700
17680
18016
18600
20132
19624
18668
21188
19732
16812
17588
17864
20200
21344
19908
19060
18932
16664
18340
19476
20288
19596
18916
20908
18776
16680
18940
18400
20176
21440
19484
19012
18736
17284
20304
20252
19092
20004
19840
19620
20152
17308
17340
20616
19776
21028
21112
18224
18064
18520
18192
20004
20388
20704
19936
18412
20216
18004
17616
20636
20336
20044
21204
18348
19868
18796
18240
19592
21020
18884
20604
19912
19300
17672
18632
19448
21264
19516
20648
19664
18720
17292
18272
18216
20872
20168
20804
18800
17192
17432
19616
19096
19712
18564
19788
20848
17884
16704
19308
18636
20072
20856
19024
19916
17228
16352
19892
20084
19084
19856
19440
20880
18012
18836
19400
18744
19496
21372
19900
19816
17456
18332
20988
20528
19380
19552
18840
20396
19308
17116
18608
20132
20616
21344
20180
18096
17752
18964
18992
19992
19580
20568
19616
19016
18640
17988
18824
20432
19344
20540
20692
17640
18200
18508
18644
21252
20572
19240
19464
18940
18784
18484
17640
20172
20796
20852
19216
18692
17308
20236
17120
20168
20156
19880
20016
19204
16424
19604
18356
19932
20572
19384
19244
19592
16732
19576
18796
19168
21100
20516
17992
19964
17396
18824
19728
19100
19220
18452
18588
18920
20180
17732
19148
19056
21252
20500
18252
18588
18396
17660
21232
20616
19752
19632
18196
18088
19860
18192
19692
19872
19504
20600
19224
17760
18572
19236
20208
21088
20532
19576
17876
18060
19680
18700
18836
20300
19728
20020
19676
16988
18052
20044
20484
20300
19852
18316
19716
17472
18940
20108
19444
19276
20868
18972
20072
17628
18244
18644
19508
19208
20912
19388
17952
18044
18504
19520
20524
18708
19652
18944
19300
18324
17992
19152
21160
18800
20104
18888
18392
18456
19216
18288
20560
18804
19800
20060
18136
18800
19272
20212
19568
19472
19500
19928
18324
18432
18452
20196
20388
20596
18556
18676
18892
18636
19008
18800
19184
20912
19468
19572
18744
18736
18984
19180
18200
21072
20176
19124
18204
18352
20424
20152
20228
20340
18596
20288
19536
18024
18364
19912
19704
21684
19184
19044
18208
19212
19560
20624
19276
19940
20136
20688
17796
18564
17964
21240
20868
20128
18316
18624
17080
19828
18572
19656
18184
20136
19248
19304
17776
19008
17720
19828
19332
19884
19052
18192
17732
19088
19548
19760
19076
18752
19732
19696
17472
17776
18892
19908
20664
19284
20216
18284
18644
19144
18936
19544
20848
20004
20720
18772
18652
18396
19680
19336
20368
20444
20064
18608
18968
18948
20704
19884
19372
19212
20476
18980
18148
19384
20240
19836
19768
20088
19180
18084
18460
18304
20564
20480
20392
20368
18628
17680
18708
18552
20588
20700
20560
19008
19056
17972
18216
18588
19848
20756
20876
20568
19036
16484
19520
18948
21340
19308
19140
18612
19616
18232
19424
17504
20020
19984
20580
18800
19648
17468
18276
18772
21016
19136
20292
18008
19944
18660
19220
19544
18756
20576
20628
20292
18224
18644
17964
19608
19660
21356
19956
17568
19628
19576
18056
18988
17948
19648
20104
19576
18932
16672
18692
21532
19508
19448
19476
20068
18444
19080
17636
20148
21468
20232
19044
19656
17256
19692
18556
19776
20544
20788
18760
20220
17492
19216
18656
20148
20720
21380
18828
20944
15812
19380
18696
18888
18428
20016
19596
19476
17264
17364
19108
20036
19104
19904
17684
18776
18120
17836
20240
20424
17688
19680
18752
19720
18088
17632
20024
20288
19396
19908
19352
18412
19276
19184
18944
20068
19864
20224
20592
18640
18156
19048
18096
20428
20044
20480
20008
18328
18720
20336
18848
18240
18988
19404
21200
19348
17316
19464
21380
20412
20724
20040
18724
17612
18576
19728
19488
20004
20372
21156
19532
