9.67587890625
8.995693359375
9.42440185546875
8.97413818359375
9.357341308593751
9.474697265625
9.41482177734375
9.39087158203125
9.57768310546875
8.85917724609375
9.656718750000001
9.33099609375
9.441166992187501
9.268725585937501
9.4794873046875
9.40524169921875
9.321416015625001
9.08430908203125
9.36931640625
9.350156250000001
9.41482177734375
9.71419921875
9.608818359375
9.40524169921875
9.321416015625001
9.328601074218751
9.33339111328125
9.359736328125
9.398056640625
9.5417578125
9.48427734375
9.3118359375
9.42440185546875
9.32381103515625
9.043593750000001
9.75970458984375
9.45314208984375
9.493857421875001
9.40763671875
9.381291503906251
9.3070458984375
9.40763671875
9.148974609375001
9.41961181640625
9.4794873046875
9.613608398437501
9.378896484375
9.4794873046875
9.06514892578125
9.433981933593751
8.89749755859375
9.74533447265625
9.36931640625
9.33339111328125
9.321416015625001
9.5417578125
9.261540527343751
9.4890673828125
9.1825048828125
9.4794873046875
9.268725585937501
9.477092285156251
9.4507470703125
9.793234863281251
8.9142626953125
9.28549072265625
9.09388916015625
9.48188232421875
9.417216796875001
9.402846679687501
9.244775390625
9.5178076171875
8.983718261718751
9.52020263671875
9.16573974609375
9.417216796875001
9.4794873046875
9.59923828125
9.32381103515625
9.5178076171875
8.87354736328125
9.2878857421875
9.1920849609375
9.6183984375
9.48427734375
9.6519287109375
9.2112451171875
9.515412597656251
9.2783056640625
9.5034375
9.35255126953125
9.3836865234375
9.433981933593751
9.733359375000001
9.24238037109375
9.740544433593751
9.06275390625
9.0483837890625
9.335786132812501
9.59205322265625
9.31902099609375
9.441166992187501
9.170529785156251
9.2591455078125
9.06514892578125
9.314230957031251
9.536967773437501
9.40524169921875
9.378896484375
9.56331298828125
9.417216796875001
9.410031738281251
9.18968994140625
9.3070458984375
9.11304931640625
9.769284667968751
9.3932666015625
9.38608154296875
9.388476562500001
9.17531982421875
9.388476562500001
9.44356201171875
9.3549462890625
9.501042480468751
9.582473144531251
9.436376953125
9.359736328125
8.8903125
9.28549072265625
9.12262939453125
9.359736328125
9.378896484375
9.48427734375
9.263935546875
9.40524169921875
9.23280029296875
9.570498046875
9.12741943359375
9.378896484375
9.4794873046875
9.73575439453125
9.208850097656251
9.501042480468751
9.342971191406251
9.3262060546875
9.448352050781251
9.342971191406251
9.29267578125
9.60163330078125
9.14657958984375
9.742939453125
9.340576171875
9.32381103515625
9.129814453125
9.613608398437501
9.302255859375
9.680668945312501
9.16573974609375
9.48667236328125
9.10107421875
9.0867041015625
9.230405273437501
9.426796875
9.2208251953125
9.441166992187501
9.33099609375
9.570498046875
9.201665039062501
9.036408691406251
9.1250244140625
9.474697265625
9.275910644531251
9.589658203125001
9.3549462890625
9.39087158203125
9.1585546875
9.433981933593751
9.45793212890625
9.455537109375001
9.302255859375
9.568103027343751
9.359736328125
9.522597656250001
9.034013671875
9.381291503906251
9.16573974609375
9.61121337890625
9.61600341796875
9.30944091796875
9.551337890625
9.340576171875
9.091494140625
9.47230224609375
9.3645263671875
9.4220068359375
9.3932666015625
9.26633056640625
9.4315869140625
9.36213134765625
9.06035888671875
9.357341308593751
9.244775390625
9.43877197265625
9.63755859375
9.35255126953125
9.10825927734375
9.42919189453125
9.216035156250001
9.52499267578125
9.462722167968751
9.436376953125
9.642348632812501
9.31902099609375
9.433981933593751
9.620793457031251
9.25196044921875
9.134604492187501
9.4890673828125
9.328601074218751
9.733359375000001
9.1729248046875
9.42440185546875
9.398056640625
9.283095703125001
9.29267578125
9.513017578125
9.13699951171875
9.568103027343751
9.3645263671875
9.37171142578125
9.148974609375001
9.2495654296875
8.983718261718751
9.436376953125
9.374106445312501
9.261540527343751
9.321416015625001
9.53457275390625
9.29267578125
9.6615087890625
9.1537646484375
9.769284667968751
9.40045166015625
9.57768310546875
9.474697265625
9.575288085937501
9.07951904296875
9.398056640625
8.7609814453125
9.536967773437501
9.441166992187501
9.63037353515625
9.2208251953125
9.656718750000001
8.8519921875
9.57768310546875
9.05556884765625
9.5944482421875
9.402846679687501
9.5944482421875
9.29267578125
9.63037353515625
8.99329833984375
9.263935546875
9.09867919921875
9.29267578125
9.608818359375
9.335786132812501
9.2351953125
9.5944482421875
9.00766845703125
9.3166259765625
9.4315869140625
9.36692138671875
9.5848681640625
9.613608398437501
9.4651171875
9.6902490234375
8.90707763671875
9.30944091796875
9.2878857421875
9.553732910156251
9.474697265625
9.47230224609375
9.402846679687501
9.4315869140625
9.096284179687501
9.33818115234375
9.493857421875001
9.20406005859375
9.493857421875001
9.515412597656251
9.4315869140625
9.342971191406251
9.28549072265625
9.3262060546875
9.568103027343751
9.275910644531251
9.42919189453125
9.448352050781251
9.27112060546875
9.1825048828125
9.261540527343751
9.29986083984375
9.225615234375
9.42919189453125
9.620793457031251
9.54415283203125
9.52020263671875
9.1920849609375
9.501042480468751
9.22801025390625
9.44595703125
9.5465478515625
9.45314208984375
9.3932666015625
9.5178076171875
9.10107421875
9.469907226562501
8.863967285156251
9.359736328125
9.441166992187501
9.6183984375
9.340576171875
9.63755859375
9.0867041015625
9.613608398437501
9.141789550781251
9.582473144531251
9.30944091796875
9.508227539062501
9.0004833984375
9.635163574218751
9.0675439453125
9.36692138671875
9.0579638671875
9.350156250000001
9.3932666015625
9.702224121093751
9.141789550781251
9.83155517578125
9.16094970703125
9.3836865234375
9.10825927734375
9.2495654296875
9.42440185546875
9.69743408203125
9.120234375
9.8914306640625
9.120234375
9.30944091796875
8.8903125
9.52499267578125
9.1537646484375
9.695039062500001
9.2351953125
9.57768310546875
9.28070068359375
9.1537646484375
9.402846679687501
9.582473144531251
9.230405273437501
9.67587890625
9.3166259765625
9.522597656250001
9.2112451171875
9.0196435546875
9.19927001953125
9.43877197265625
9.48427734375
9.57768310546875
9.378896484375
9.29986083984375
9.12262939453125
9.201665039062501
9.4507470703125
9.59923828125
9.357341308593751
9.43877197265625
9.54415283203125
9.388476562500001
9.1154443359375
9.388476562500001
9.022038574218751
9.5178076171875
9.477092285156251
9.2783056640625
9.551337890625
9.230405273437501
9.1154443359375
9.37171142578125
9.328601074218751
9.51062255859375
9.73575439453125
9.33339111328125
9.4890673828125
9.19927001953125
9.04598876953125
9.4220068359375
9.13939453125
9.194479980468751
9.5465478515625
9.22801025390625
9.63755859375
9.08430908203125
9.5465478515625
9.29507080078125
9.49146240234375
9.2591455078125
9.70701416015625
9.448352050781251
9.40045166015625
9.580078125
9.3166259765625
9.1154443359375
9.553732910156251
9.378896484375
9.73096435546875
9.10825927734375
9.42440185546875
9.27112060546875
9.359736328125
9.0867041015625
9.321416015625001
9.091494140625
9.685458984375
9.24717041015625
9.5848681640625
8.9813232421875
9.31902099609375
8.8519921875
9.570498046875
9.34776123046875
9.4507470703125
9.268725585937501
9.5417578125
9.29507080078125
9.398056640625
9.014853515625001
9.44595703125
9.357341308593751
9.63037353515625
9.321416015625001
9.4220068359375
9.163344726562501
9.261540527343751
9.2591455078125
9.754914550781251
9.297465820312501
9.4507470703125
9.28070068359375
9.807604980468751
9.1585546875
9.28549072265625
9.117839355468751
9.24238037109375
9.522597656250001
9.37650146484375
9.575288085937501
9.57768310546875
9.10825927734375
9.474697265625
9.36213134765625
9.477092285156251
9.666298828125
9.1250244140625
9.378896484375
9.33339111328125
8.990903320312501
9.223220214843751
9.2591455078125
9.120234375
9.36692138671875
9.3166259765625
9.65432373046875
9.5417578125
9.156159667968751
9.42919189453125
9.45793212890625
9.395661621093751
9.67827392578125
9.4507470703125
9.5273876953125
9.43877197265625
9.034013671875
9.0579638671875
9.441166992187501
9.134604492187501
9.61121337890625
9.36213134765625
9.426796875
9.48188232421875
9.3166259765625
9.168134765625
9.53457275390625
9.2112451171875
9.357341308593751
9.37171142578125
9.40763671875
9.28549072265625
9.25675048828125
8.92623779296875
9.79802490234375
9.32381103515625
9.63755859375
9.3549462890625
9.6183984375
9.2112451171875
9.501042480468751
9.18489990234375
9.508227539062501
9.56331298828125
9.52499267578125
9.1585546875
9.53457275390625
8.995693359375
9.4890673828125
8.938212890625
9.378896484375
9.2783056640625
9.77407470703125
9.2783056640625
9.53936279296875
9.1058642578125
9.7381494140625
9.022038574218751
9.30944091796875
9.374106445312501
9.568103027343751
9.177714843750001
9.695039062500001
9.10107421875
9.29267578125
9.11304931640625
9.48667236328125
9.66390380859375
9.5944482421875
9.134604492187501
9.6902490234375
9.1058642578125
9.134604492187501
9.263935546875
9.268725585937501
9.48667236328125
9.42440185546875
9.44356201171875
9.838740234375
9.27112060546875
9.273515625
9.46751220703125
9.44356201171875
9.395661621093751
9.474697265625
9.2495654296875
9.455537109375001
9.1441845703125
9.1250244140625
9.462722167968751
9.36213134765625
9.54894287109375
9.398056640625
9.553732910156251
9.740544433593751
9.170529785156251
9.28070068359375
9.402846679687501
9.433981933593751
9.441166992187501
9.54894287109375
9.4986474609375
9.1058642578125
9.21843017578125
9.1585546875
9.40524169921875
9.38608154296875
9.515412597656251
9.45314208984375
9.5657080078125
9.39087158203125
9.237590332031251
9.23280029296875
9.3453662109375
9.46751220703125
9.4986474609375
9.2591455078125
9.4507470703125
9.148974609375001
9.536967773437501
9.206455078125
9.448352050781251
9.25196044921875
9.45793212890625
9.395661621093751
9.78844482421875
9.13220947265625
9.3836865234375
9.168134765625
9.335786132812501
9.31902099609375
9.72138427734375
9.091494140625
9.7381494140625
9.0004833984375
9.469907226562501
8.962163085937501
9.388476562500001
9.091494140625
9.77886474609375
9.1729248046875
9.685458984375
9.42919189453125
9.28549072265625
9.441166992187501
9.529782714843751
9.12262939453125
9.76449462890625
9.103469238281251
9.5944482421875
9.0675439453125
9.297465820312501
9.036408691406251
9.27112060546875
9.314230957031251
9.9680712890625
9.474697265625
9.6710888671875
9.225615234375
9.40763671875
9.340576171875
9.7573095703125
9.44595703125
9.398056640625
9.20406005859375
9.33339111328125
9.328601074218751
9.18010986328125
9.2351953125
9.41961181640625
9.49146240234375
9.63995361328125
9.48667236328125
9.38608154296875
9.33099609375
9.170529785156251
9.31902099609375
9.6327685546875
9.48667236328125
9.410031738281251
9.374106445312501
9.60642333984375
9.462722167968751
9.1920849609375
9.3932666015625
9.46751220703125
9.48667236328125
9.2495654296875
9.6327685546875
9.426796875
9.34776123046875
9.41482177734375
9.359736328125
9.273515625
9.515412597656251
9.163344726562501
9.39087158203125
9.244775390625
9.0004833984375
9.1537646484375
9.2878857421875
9.268725585937501
9.733359375000001
9.426796875
9.65432373046875
9.38608154296875
9.19927001953125
9.398056640625
9.6327685546875
9.32381103515625
9.45314208984375
9.120234375
9.45793212890625
9.2495654296875
9.36931640625
9.0388037109375
9.40524169921875
9.244775390625
9.709409179687501
9.580078125
9.51062255859375
9.2591455078125
9.398056640625
9.06514892578125
9.469907226562501
9.13699951171875
9.522597656250001
9.2399853515625
9.357341308593751
9.24717041015625
9.6519287109375
8.88312744140625
9.769284667968751
9.30944091796875
9.64474365234375
9.2783056640625
9.57289306640625
9.050778808593751
9.29267578125
8.976533203125001
9.342971191406251
9.36213134765625
9.493857421875001
9.45314208984375
9.6615087890625
9.21364013671875
9.551337890625
9.0867041015625
9.340576171875
9.455537109375001
9.58726318359375
9.48188232421875
9.515412597656251
9.091494140625
9.28070068359375
9.261540527343751
9.261540527343751
9.45793212890625
9.4507470703125
9.417216796875001
9.58726318359375
9.10107421875
9.1825048828125
9.18489990234375
9.24717041015625
9.687854003906251
9.3836865234375
9.417216796875001
9.48667236328125
9.074729003906251
9.49146240234375
9.582473144531251
9.2783056640625
9.7956298828125
9.44356201171875
9.627978515625001
9.63755859375
9.2783056640625
9.081914062500001
9.6040283203125
9.2208251953125
9.647138671875
9.201665039062501
9.290280761718751
9.31902099609375
9.340576171875
9.21843017578125
9.4507470703125
9.216035156250001
9.64474365234375
9.39087158203125
9.72138427734375
9.46751220703125
9.34776123046875
8.895102539062501
9.48427734375
9.29267578125
9.350156250000001
9.328601074218751
9.50583251953125
9.2399853515625
9.48188232421875
9.1154443359375
9.6231884765625
9.201665039062501
9.5034375
9.44595703125
9.85071533203125
9.462722167968751
9.30465087890625
8.983718261718751
9.5944482421875
9.30465087890625
9.532177734375
9.1825048828125
9.469907226562501
8.9334228515625
9.63755859375
8.9430029296875
9.275910644531251
9.40524169921875
9.716594238281251
9.359736328125
9.695039062500001
9.089099121093751
9.2495654296875
8.966953125
9.297465820312501
9.501042480468751
9.53936279296875
9.2783056640625
9.71419921875
9.1058642578125
9.474697265625
9.10825927734375
9.33339111328125
9.42440185546875
9.560917968750001
9.44595703125
9.560917968750001
9.050778808593751
9.283095703125001
9.374106445312501
9.5657080078125
9.378896484375
9.48188232421875
9.33099609375
9.45793212890625
9.21364013671875
9.168134765625
9.28070068359375
9.36931640625
9.50583251953125
9.49625244140625
9.3070458984375
9.477092285156251
9.225615234375
9.25675048828125
9.72138427734375
9.4315869140625
9.398056640625
9.41961181640625
9.4986474609375
9.3645263671875
9.374106445312501
9.12262939453125
9.074729003906251
9.24717041015625
9.65911376953125
9.4986474609375
9.58726318359375
9.2878857421875
9.36931640625
9.40524169921875
9.52499267578125
9.4651171875
9.359736328125
9.3166259765625
9.474697265625
9.2878857421875
9.4315869140625
9.09867919921875
9.208850097656251
9.378896484375
9.66869384765625
9.4603271484375
9.37650146484375
9.0771240234375
9.46751220703125
9.06035888671875
9.328601074218751
9.46751220703125
9.575288085937501
9.053173828125
9.53457275390625
9.42440185546875
9.50583251953125
9.07951904296875
9.342971191406251
9.168134765625
9.60163330078125
9.31902099609375
9.69743408203125
9.2208251953125
9.29507080078125
9.103469238281251
9.4651171875
9.27112060546875
9.6183984375
9.12262939453125
9.6902490234375
9.24238037109375
9.436376953125
9.050778808593751
9.441166992187501
9.168134765625
9.6902490234375
9.43877197265625
9.501042480468751
9.2399853515625
9.33818115234375
9.25675048828125
9.441166992187501
9.3262060546875
9.6519287109375
9.4124267578125
9.50583251953125
9.223220214843751
9.28070068359375
9.141789550781251
9.42440185546875
9.273515625
9.508227539062501
9.297465820312501
9.342971191406251
9.13939453125
9.26633056640625
9.455537109375001
9.36692138671875
9.560917968750001
9.3645263671875
9.63755859375
9.551337890625
9.321416015625001
9.302255859375
9.096284179687501
9.426796875
9.673483886718751
9.072333984375
9.441166992187501
9.28549072265625
9.32381103515625
9.24717041015625
9.40763671875
9.35255126953125
9.65432373046875
9.4315869140625
9.65911376953125
9.33099609375
9.21364013671875
9.0100634765625
9.44356201171875
9.196875
9.5657080078125
9.096284179687501
9.627978515625001
9.2878857421875
9.41961181640625
9.225615234375
9.551337890625
9.0052734375
9.72617431640625
9.40763671875
9.6710888671875
9.29267578125
9.455537109375001
9.1250244140625
9.50583251953125
9.2112451171875
9.709409179687501
9.17531982421875
9.374106445312501
9.244775390625
9.620793457031251
9.141789550781251
9.2783056640625
9.11304931640625
9.65911376953125
9.462722167968751
9.6710888671875
9.1537646484375
9.225615234375
9.0771240234375
9.402846679687501
9.2399853515625
9.60642333984375
9.10107421875
9.575288085937501
9.302255859375
9.56331298828125
9.01724853515625
9.39087158203125
9.395661621093751
9.532177734375
9.4890673828125
9.7189892578125
9.30944091796875
9.448352050781251
9.12741943359375
9.56331298828125
9.4603271484375
9.642348632812501
9.29267578125
9.76449462890625
9.163344726562501
9.297465820312501
9.034013671875
9.244775390625
9.3453662109375
9.433981933593751
9.48188232421875
9.4220068359375
9.081914062500001
9.335786132812501
9.46751220703125
9.42919189453125
9.44356201171875
9.5561279296875
9.469907226562501
9.5657080078125
9.3118359375
9.36692138671875
9.10107421875
9.05556884765625
9.838740234375
9.4124267578125
9.4507470703125
9.37171142578125
9.3262060546875
9.268725585937501
9.627978515625001
9.29986083984375
9.666298828125
9.4651171875
9.3262060546875
9.40045166015625
9.26633056640625
8.98850830078125
9.237590332031251
9.0579638671875
9.63755859375
9.27112060546875
9.6231884765625
9.25196044921875
9.501042480468751
9.254355468750001
9.58726318359375
9.268725585937501
9.5273876953125
9.33099609375
9.529782714843751
9.342971191406251
9.283095703125001
8.969348144531251
9.381291503906251
9.1825048828125
9.61600341796875
9.359736328125
9.656718750000001
9.28070068359375
9.493857421875001
9.168134765625
9.50583251953125
9.170529785156251
9.48427734375
9.3262060546875
9.608818359375
9.117839355468751
9.350156250000001
8.94060791015625
9.357341308593751
9.34776123046875
9.55852294921875
9.18010986328125
9.4794873046875
9.110654296875001
9.455537109375001
9.216035156250001
9.436376953125
9.254355468750001
9.642348632812501
9.48188232421875
9.5273876953125
9.225615234375
9.4603271484375
9.17531982421875
9.43877197265625
9.33339111328125
9.84592529296875
9.29507080078125
9.5034375
9.0483837890625
9.647138671875
9.206455078125
9.41482177734375
9.42440185546875
9.5273876953125
9.44595703125
9.64474365234375
9.170529785156251
9.402846679687501
8.835227050781251
9.374106445312501
9.4794873046875
9.395661621093751
9.297465820312501
9.48188232421875
9.244775390625
9.38608154296875
8.804091796875001
9.30944091796875
9.6183984375
9.5657080078125
9.582473144531251
9.568103027343751
9.37171142578125
9.268725585937501
9.1058642578125
9.417216796875001
9.45314208984375
9.9010107421875
9.089099121093751
9.1537646484375
9.6183984375
8.684340820312501
8.842412109375001
8.9334228515625
9.75970458984375
9.881850585937501
9.32381103515625
9.44595703125
9.5944482421875
8.72026611328125
9.148974609375001
8.99329833984375
9.89382568359375
9.81718505859375
9.18968994140625
9.110654296875001
9.78365478515625
8.744216308593751
8.95976806640625
8.96455810546875
10.030341796875
9.98483642578125
9.263935546875
9.3645263671875
9.877060546875
8.727451171875
8.775351562500001
9.1585546875
9.93214599609375
9.78844482421875
9.19927001953125
9.32381103515625
9.85071533203125
8.33706298828125
8.65799560546875
9.0004833984375
9.560917968750001
10.2363134765625
9.350156250000001
9.44356201171875
9.8243701171875
8.789721679687501
8.8088818359375
9.053173828125
9.342971191406251
9.196875
10.981164550781251
9.3070458984375
9.762099609375001
9.3932666015625
8.7801416015625
8.18138671875
9.570498046875
9.40524169921875
9.90819580078125
10.09500732421875
9.441166992187501
9.40524169921875
9.261540527343751
8.478369140625
9.1537646484375
9.41961181640625
9.96567626953125
9.95130615234375
9.501042480468751
9.1920849609375
9.206455078125
8.722661132812501
9.196875
9.59923828125
10.05189697265625
9.568103027343751
9.455537109375001
9.47230224609375
9.201665039062501
8.5693798828125
9.4890673828125
10.121352539062501
10.27702880859375
8.9525830078125
9.78365478515625
9.21843017578125
8.26042236328125
8.71787109375
9.55852294921875
10.166857910156251
9.5178076171875
9.2783056640625
9.807604980468751
9.1537646484375
8.176596679687501
9.273515625
9.45314208984375
10.317744140625
10.02794677734375
9.29507080078125
9.54415283203125
8.95018798828125
8.04966064453125
9.32381103515625
9.1585546875
10.183623046875
10.17643798828125
9.18489990234375
9.340576171875
9.66390380859375
8.02810546875
8.94060791015625
9.3836865234375
9.881850585937501
9.93214599609375
9.9680712890625
9.1920849609375
9.54415283203125
8.478369140625
8.83043701171875
8.89270751953125
9.836345214843751
9.4794873046875
9.96567626953125
9.29986083984375
9.433981933593751
8.65320556640625
9.15136962890625
9.072333984375
10.05668701171875
9.5944482421875
9.8435302734375
9.26633056640625
9.50583251953125
8.871152343750001
9.302255859375
8.895102539062501
9.84113525390625
9.436376953125
9.9105908203125
9.1154443359375
9.32381103515625
8.6364404296875
9.33818115234375
9.0388037109375
9.97525634765625
9.436376953125
9.72138427734375
9.477092285156251
9.469907226562501
8.87354736328125
9.196875
8.9334228515625
9.93214599609375
9.474697265625
9.81
9.117839355468751
9.37171142578125
8.8903125
9.62558349609375
9.52499267578125
9.93214599609375
9.656718750000001
9.66390380859375
9.48188232421875
9.551337890625
9.02682861328125
9.3453662109375
9.163344726562501
9.513017578125
9.941726074218751
9.4986474609375
9.263935546875
8.85438720703125
8.931027832031251
8.99329833984375
9.374106445312501
9.582473144531251
9.89861572265625
9.52499267578125
9.71419921875
8.97892822265625
9.18489990234375
8.871152343750001
9.402846679687501
9.48188232421875
9.980046386718751
9.20406005859375
9.48667236328125
8.610095214843751
8.99329833984375
8.8663623046875
10.087822265625
9.6519287109375
9.98244140625
9.15136962890625
9.814790039062501
8.65799560546875
8.82085693359375
8.72505615234375
9.79083984375
9.57289306640625
9.88424560546875
9.29267578125
9.5561279296875
8.51429443359375
8.9813232421875
8.995693359375
10.0447119140625
9.5178076171875
9.733359375000001
9.6615087890625
9.5417578125
8.715476074218751
8.61967529296875
8.8519921875
10.272238769531251
9.72138427734375
9.838740234375
9.433981933593751
9.589658203125001
8.265212402343751
8.84480712890625
9.340576171875
10.34408935546875
9.54415283203125
9.829160156250001
9.781259765625
9.50583251953125
8.210126953125
8.574169921875
9.3549462890625
10.490185546875
9.742939453125
9.83155517578125
9.469907226562501
9.40045166015625
8.1191162109375
8.64841552734375
9.57289306640625
10.30576904296875
9.177714843750001
10.011181640625
9.395661621093751
9.19927001953125
8.317902832031251
8.511899414062501
10.03752685546875
10.4758154296875
9.5465478515625
9.69264404296875
9.63755859375
9.35255126953125
8.87833740234375
8.303532714843751
9.553732910156251
9.613608398437501
9.71180419921875
9.36692138671875
9.8626904296875
9.01724853515625
8.82564697265625
8.5023193359375
9.6710888671875
9.627978515625001
10.09740234375
9.40763671875
9.82676513671875
8.75619140625
9.28549072265625
8.660390625
9.49625244140625
9.04598876953125
10.12374755859375
9.314230957031251
9.71180419921875
8.66757568359375
9.29986083984375
8.81606689453125
9.83155517578125
9.67827392578125
10.221943359375
9.24717041015625
9.63037353515625
8.813671875
9.141789550781251
8.66757568359375
9.5273876953125
9.357341308593751
9.93693603515625
9.42919189453125
9.63755859375
8.737031250000001
9.10825927734375
9.163344726562501
9.793234863281251
9.5273876953125
9.70701416015625
9.39087158203125
9.321416015625001
8.962163085937501
9.09388916015625
8.97413818359375
9.73096435546875
9.57768310546875
10.07105712890625
9.36692138671875
9.23280029296875
8.6460205078125
9.1058642578125
9.21364013671875
9.73096435546875
9.5034375
9.75970458984375
9.44356201171875
9.62558349609375
8.92144775390625
9.16573974609375
9.10107421875
9.74533447265625
9.647138671875
10.047106933593751
9.1729248046875
9.110654296875001
8.8472021484375
9.3836865234375
9.2783056640625
9.560917968750001
9.67587890625
9.877060546875
9.37171142578125
9.314230957031251
9.034013671875
8.95018798828125
9.374106445312501
9.635163574218751
9.8243701171875
9.627978515625001
9.378896484375
9.117839355468751
9.034013671875
9.1825048828125
9.4890673828125
9.28549072265625
9.747729492187501
9.501042480468751
9.800419921875001
9.12262939453125
9.21843017578125
8.796906738281251
9.28549072265625
9.508227539062501
9.8052099609375
9.508227539062501
9.5848681640625
8.796906738281251
9.11304931640625
8.87354736328125
9.63755859375
9.3262060546875
9.762099609375001
9.61121337890625
9.37650146484375
8.82564697265625
9.148974609375001
9.053173828125
9.580078125
9.53457275390625
9.9105908203125
9.807604980468751
9.4603271484375
9.04598876953125
8.990903320312501
9.06275390625
9.40524169921875
9.5944482421875
9.67587890625
9.39087158203125
9.474697265625
8.9525830078125
8.909472656250001
9.44595703125
9.620793457031251
9.95130615234375
9.74533447265625
9.551337890625
9.036408691406251
9.177714843750001
9.129814453125
9.1585546875
9.60163330078125
9.723779296875
9.78365478515625
9.551337890625
9.3118359375
8.976533203125001
8.7993017578125
9.17531982421875
9.49625244140625
9.84113525390625
9.776469726562501
9.357341308593751
9.37650146484375
9.036408691406251
9.09388916015625
9.21843017578125
9.36692138671875
9.6519287109375
9.63995361328125
9.5417578125
8.919052734375
8.85438720703125
9.129814453125
9.575288085937501
9.72138427734375
9.740544433593751
9.6902490234375
9.42919189453125
9.22801025390625
9.120234375
9.0483837890625
9.07951904296875
9.46751220703125
9.560917968750001
9.695039062500001
9.342971191406251
9.16573974609375
8.7035009765625
8.97413818359375
9.25196044921875
9.7860498046875
9.814790039062501
9.57289306640625
9.45314208984375
9.273515625
9.223220214843751
9.196875
9.12741943359375
9.60642333984375
9.596843261718751
9.57768310546875
9.283095703125001
8.9046826171875
8.94539794921875
9.043593750000001
9.47230224609375
9.76449462890625
9.86987548828125
9.4794873046875
9.237590332031251
9.168134765625
8.78732666015625
9.15136962890625
9.22801025390625
9.762099609375001
9.69264404296875
9.75251953125
9.417216796875001
8.923842773437501
9.00766845703125
9.350156250000001
9.4986474609375
9.709409179687501
9.60163330078125
9.58726318359375
9.2591455078125
9.02443359375
8.94060791015625
9.163344726562501
9.49146240234375
9.7860498046875
9.77407470703125
9.723779296875
9.0483837890625
8.9813232421875
8.995693359375
9.350156250000001
9.60163330078125
9.67827392578125
9.462722167968751
9.6615087890625
9.050778808593751
9.10825927734375
8.9334228515625
9.28549072265625
9.462722167968751
9.78844482421875
9.85550537109375
9.6902490234375
9.09867919921875
8.99808837890625
9.072333984375
9.2399853515625
9.4890673828125
9.65432373046875
9.6040283203125
9.4315869140625
9.0579638671875
8.9430029296875
8.983718261718751
9.3836865234375
9.72138427734375
10.087822265625
9.702224121093751
9.357341308593751
9.335786132812501
9.117839355468751
9.04598876953125
9.268725585937501
9.4986474609375
9.58726318359375
9.58726318359375
9.57768310546875
9.40763671875
8.880732421875
8.90707763671875
9.3118359375
9.7716796875
10.10458740234375
9.54894287109375
9.38608154296875
9.053173828125
8.88312744140625
9.2495654296875
9.254355468750001
9.39087158203125
9.7189892578125
9.469907226562501
9.6519287109375
9.01245849609375
9.0388037109375
9.02682861328125
9.32381103515625
9.853110351562501
10.01836669921875
9.75251953125
9.350156250000001
9.0675439453125
9.0483837890625
9.09867919921875
9.089099121093751
9.66390380859375
9.5657080078125
9.63755859375
9.37171142578125
9.129814453125
8.691525878906251
8.94060791015625
9.3166259765625
9.8626904296875
9.65911376953125
9.5273876953125
9.06275390625
9.14657958984375
8.8903125
9.230405273437501
9.314230957031251
9.60163330078125
9.54415283203125
9.5178076171875
9.4220068359375
8.902287597656251
8.895102539062501
9.16094970703125
9.62558349609375
9.860295410156251
9.85550537109375
9.5417578125
9.302255859375
9.053173828125
9.06993896484375
9.41482177734375
9.522597656250001
9.829160156250001
9.70701416015625
9.54415283203125
9.529782714843751
9.01724853515625
8.863967285156251
9.340576171875
9.680668945312501
9.7860498046875
9.596843261718751
9.54415283203125
9.05556884765625
9.00287841796875
9.18968994140625
9.2112451171875
9.596843261718751
9.9584912109375
9.889035644531251
9.5273876953125
9.096284179687501
8.938212890625
8.95018798828125
9.36692138671875
9.635163574218751
9.73575439453125
9.78365478515625
9.51062255859375
9.2208251953125
9.1825048828125
8.895102539062501
9.36213134765625
9.49146240234375
9.886640625
9.853110351562501
9.5944482421875
9.22801025390625
8.94539794921875
9.0579638671875
9.41482177734375
9.6231884765625
9.75251953125
9.340576171875
9.41482177734375
9.117839355468751
8.9525830078125
8.957373046875
9.45314208984375
9.6183984375
10.1021923828125
9.68306396484375
9.63037353515625
9.074729003906251
8.83283203125
9.06993896484375
9.40763671875
9.78844482421875
9.61600341796875
9.381291503906251
9.410031738281251
9.00287841796875
8.871152343750001
9.05556884765625
9.25675048828125
9.513017578125
9.89861572265625
9.50583251953125
9.33099609375
9.0196435546875
8.91186767578125
9.261540527343751
9.37650146484375
9.656718750000001
9.580078125
9.508227539062501
9.168134765625
9.04598876953125
8.9142626953125
9.072333984375
9.536967773437501
9.84113525390625
9.807604980468751
9.596843261718751
9.043593750000001
9.134604492187501
8.97892822265625
9.350156250000001
9.65432373046875
9.54415283203125
9.8052099609375
9.635163574218751
9.3262060546875
9.0771240234375
8.931027832031251
9.04119873046875
9.47230224609375
9.90340576171875
9.5848681640625
9.41961181640625
9.19927001953125
8.954978027343751
9.072333984375
9.3166259765625
9.695039062500001
9.723779296875
9.582473144531251
9.6040283203125
9.35255126953125
8.89270751953125
8.938212890625
9.225615234375
9.5273876953125
9.84592529296875
9.54415283203125
9.55852294921875
9.120234375
9.03161865234375
9.134604492187501
9.44356201171875
9.53457275390625
9.86508544921875
9.63037353515625
9.582473144531251
9.314230957031251
8.969348144531251
8.902287597656251
9.381291503906251
9.575288085937501
9.980046386718751
9.398056640625
9.33099609375
9.0388037109375
8.98850830078125
9.12741943359375
9.263935546875
9.455537109375001
9.92256591796875
9.7189892578125
9.33099609375
9.40524169921875
8.7035009765625
8.9334228515625
9.388476562500001
9.77886474609375
9.82676513671875
9.7573095703125
9.072333984375
9.223220214843751
8.76337646484375
9.134604492187501
9.24717041015625
9.67587890625
9.6519287109375
9.814790039062501
9.2399853515625
9.15136962890625
8.708291015625
9.328601074218751
9.4315869140625
9.97525634765625
9.61121337890625
9.656718750000001
9.0579638671875
9.12262939453125
8.7322412109375
9.33099609375
9.2878857421875
10.015971679687501
9.48188232421875
9.941726074218751
9.1537646484375
9.22801025390625
8.7035009765625
9.37171142578125
9.335786132812501
10.061477050781251
9.515412597656251
9.44356201171875
9.168134765625
9.16094970703125
8.95976806640625
9.22801025390625
9.13699951171875
9.853110351562501
9.687854003906251
9.836345214843751
9.08430908203125
8.87354736328125
8.87354736328125
9.40763671875
9.462722167968751
10.068662109375001
9.65911376953125
9.49146240234375
9.290280761718751
9.050778808593751
8.8184619140625
9.2351953125
9.4794873046875
10.01357666015625
9.85550537109375
9.342971191406251
9.33339111328125
9.187294921875
8.842412109375001
9.5944482421875
9.620793457031251
9.66869384765625
9.6327685546875
9.29507080078125
9.4651171875
8.931027832031251
8.78732666015625
9.2495654296875
9.635163574218751
9.9393310546875
9.9968115234375
9.3166259765625
9.342971191406251
8.871152343750001
9.12741943359375
9.4794873046875
9.7285693359375
9.69743408203125
9.71180419921875
9.1058642578125
9.426796875
8.60051513671875
9.034013671875
9.034013671875
9.81
9.702224121093751
9.956096191406251
9.223220214843751
9.1825048828125
8.708291015625
9.359736328125
9.129814453125
9.941726074218751
9.3118359375
9.74533447265625
9.2495654296875
9.225615234375
8.6987109375
9.273515625
9.050778808593751
10.3512744140625
9.82676513671875
9.59923828125
9.1441845703125
9.1825048828125
8.58614501953125
9.37171142578125
8.931027832031251
10.08063720703125
9.33099609375
9.934541015625001
9.342971191406251
9.328601074218751
8.48076416015625
9.40524169921875
9.12262939453125
10.061477050781251
10.092612304687501
9.53457275390625
8.863967285156251
9.09388916015625
8.61967529296875
9.5944482421875
9.223220214843751
9.81718505859375
9.776469726562501
9.608818359375
9.12262939453125
9.0100634765625
8.6460205078125
9.41482177734375
9.31902099609375
10.054291992187501
9.79083984375
9.477092285156251
9.0052734375
9.022038574218751
8.76816650390625
9.4603271484375
9.4890673828125
10.18601806640625
9.69264404296875
9.642348632812501
9.1585546875
9.15136962890625
8.6987109375
9.4315869140625
9.687854003906251
9.992021484375
9.5417578125
9.2591455078125
9.12262939453125
8.727451171875
8.83043701171875
9.1058642578125
9.73575439453125
10.12374755859375
9.302255859375
9.297465820312501
9.29267578125
8.56219482421875
9.06035888671875
9.168134765625
10.1692529296875
10.08063720703125
9.44595703125
9.2783056640625
9.378896484375
8.4687890625
9.1729248046875
9.0196435546875
9.94651611328125
9.98483642578125
9.57289306640625
9.3070458984375
9.48427734375
8.46639404296875
9.1537646484375
8.99329833984375
10.26984375
9.896220703125001
9.4124267578125
8.969348144531251
9.43877197265625
8.17420166015625
9.38608154296875
9.148974609375001
9.754914550781251
9.94651611328125
9.58726318359375
9.029223632812501
9.398056640625
8.1622265625
9.4124267578125
9.27112060546875
10.28181884765625
9.874665527343751
9.60642333984375
9.36692138671875
9.52020263671875
8.3298779296875
9.335786132812501
9.225615234375
10.30576904296875
9.709409179687501
9.867480468750001
8.938212890625
9.254355468750001
8.2771875
9.596843261718751
9.4315869140625
10.435100097656251
9.45793212890625
9.627978515625001
9.0483837890625
9.21364013671875
8.45681396484375
9.29507080078125
9.47230224609375
10.4087548828125
9.31902099609375
9.867480468750001
8.95976806640625
8.796906738281251
8.54782470703125
9.48427734375
9.388476562500001
10.41593994140625
9.18968994140625
9.64474365234375
9.14657958984375
8.751401367187501
8.744216308593751
9.474697265625
9.34776123046875
10.751242675781251
9.314230957031251
9.807604980468751
9.0483837890625
8.4544189453125
8.931027832031251
9.553732910156251
9.5034375
10.518925781250001
9.254355468750001
9.474697265625
9.36213134765625
8.57656494140625
8.94779296875
9.18968994140625
9.7716796875
10.3800146484375
9.36931640625
9.283095703125001
9.359736328125
8.34185302734375
8.80648681640625
9.23280029296875
9.821975097656251
10.0638720703125
9.297465820312501
9.02443359375
9.568103027343751
8.363408203125001
8.94060791015625
9.28549072265625
10.0255517578125
9.84592529296875
9.56331298828125
8.8759423828125
9.378896484375
8.27479248046875
9.110654296875001
9.340576171875
10.391989746093751
9.53457275390625
9.477092285156251
9.13939453125
9.39087158203125
8.2915576171875
9.49625244140625
9.2351953125
10.6195166015625
9.69264404296875
9.7860498046875
9.0052734375
9.417216796875001
8.52626953125
9.33099609375
9.378896484375
10.58359130859375
9.3645263671875
9.6710888671875
9.148974609375001
9.0579638671875
8.32269287109375
9.52499267578125
9.436376953125
10.6195166015625
9.42440185546875
9.64474365234375
9.10825927734375
9.0771240234375
8.3586181640625
9.455537109375001
9.0004833984375
10.5141357421875
9.37171142578125
9.740544433593751
9.31902099609375
8.88791748046875
8.38975341796875
9.6327685546875
9.297465820312501
10.81351318359375
9.608818359375
9.41482177734375
9.18968994140625
8.722661132812501
8.727451171875
9.398056640625
9.297465820312501
10.473420410156251
9.40763671875
9.47230224609375
9.273515625
9.110654296875001
8.353828125
9.5034375
9.7668896484375
10.3800146484375
9.44595703125
9.2591455078125
9.36931640625
8.8903125
8.56698486328125
9.4507470703125
9.52499267578125
9.9776513671875
9.589658203125001
9.4124267578125
9.44595703125
8.684340820312501
8.737031250000001
9.290280761718751
9.9249609375
10.35845947265625
9.53936279296875
8.77295654296875
9.4603271484375
8.67955078125
9.2351953125
8.97413818359375
9.98244140625
9.747729492187501
9.685458984375
9.47230224609375
9.381291503906251
8.286767578125
9.2208251953125
8.9430029296875
10.26744873046875
9.814790039062501
9.62558349609375
8.909472656250001
9.56331298828125
8.543034667968751
9.4124267578125
8.94779296875
10.272238769531251
9.79802490234375
9.874665527343751
9.24238037109375
9.560917968750001
8.265212402343751
9.28549072265625
8.91186767578125
10.1692529296875
9.81
9.5417578125
9.120234375
9.5178076171875
8.3490380859375
9.45314208984375
9.16573974609375
10.29139892578125
9.8914306640625
9.927355957031251
9.1729248046875
9.187294921875
8.27479248046875
9.4603271484375
9.314230957031251
10.04231689453125
10.02076171875
9.37171142578125
9.110654296875001
9.12741943359375
8.511899414062501
9.40763671875
9.33818115234375
10.075847167968751
9.920170898437501
9.6231884765625
9.06993896484375
9.1537646484375
8.420888671875
9.2399853515625
9.46751220703125
9.71419921875
9.781259765625
9.469907226562501
9.16094970703125
9.216035156250001
8.811276855468751
9.28070068359375
9.3549462890625
10.106982421875001
9.88424560546875
9.225615234375
9.283095703125001
8.84480712890625
8.899892578125
9.05556884765625
9.627978515625001
9.9584912109375
9.627978515625001
9.4315869140625
9.596843261718751
8.650810546875
9.036408691406251
8.990903320312501
9.800419921875001
9.9968115234375
9.83155517578125
9.43877197265625
9.48667236328125
8.296347656250001
9.35255126953125
8.863967285156251
10.05668701171875
9.462722167968751
9.69743408203125
9.1154443359375
9.740544433593751
8.684340820312501
9.148974609375001
8.68194580078125
9.886640625
9.5561279296875
10.145302734375
8.969348144531251
9.58726318359375
8.21731201171875
9.580078125
8.976533203125001
9.920170898437501
9.378896484375
10.14290771484375
8.916657714843751
9.793234863281251
8.3681982421875
9.3118359375
8.899892578125
9.980046386718751
9.55852294921875
9.9297509765625
8.919052734375
9.647138671875
8.516689453125
9.48188232421875
9.0196435546875
9.96567626953125
9.3453662109375
9.9968115234375
8.899892578125
9.469907226562501
8.564589843750001
9.148974609375001
9.2112451171875
10.05668701171875
9.61121337890625
10.09021728515625
8.902287597656251
9.297465820312501
8.6747607421875
9.2112451171875
9.216035156250001
9.867480468750001
9.477092285156251
9.7381494140625
9.3645263671875
9.09867919921875
8.966953125
9.06275390625
9.134604492187501
9.84113525390625
9.702224121093751
9.627978515625001
9.275910644531251
8.895102539062501
9.06035888671875
9.374106445312501
9.448352050781251
9.89382568359375
10.0351318359375
9.64474365234375
9.532177734375
8.612490234375
8.9430029296875
9.1537646484375
9.49625244140625
9.754914550781251
10.00399658203125
9.36213134765625
9.522597656250001
8.727451171875
9.37171142578125
8.77774658203125
9.582473144531251
9.515412597656251
10.159672851562501
9.18010986328125
9.69264404296875
8.765771484375
9.208850097656251
8.76337646484375
9.90340576171875
9.49146240234375
10.08542724609375
8.97892822265625
9.62558349609375
8.744216308593751
9.2208251953125
8.77295654296875
10.00399658203125
9.41961181640625
10.23870849609375
8.91186767578125
9.69743408203125
8.40891357421875
9.2495654296875
8.8472021484375
10.121352539062501
9.4220068359375
10.22912841796875
8.823251953125
9.627978515625001
8.440048828125
9.501042480468751
8.849597167968751
10.221943359375
9.2878857421875
10.22433837890625
9.029223632812501
9.5273876953125
8.574169921875
9.20406005859375
9.043593750000001
10.126142578125
9.2351953125
10.0063916015625
8.87833740234375
9.687854003906251
8.2771875
9.39087158203125
9.0867041015625
10.20996826171875
9.49146240234375
10.01836669921875
9.089099121093751
9.359736328125
8.377778320312501
9.50583251953125
8.9046826171875
9.80281494140625
9.73096435546875
9.776469726562501
9.41961181640625
9.208850097656251
8.789721679687501
9.374106445312501
8.931027832031251
9.95130615234375
9.7716796875
9.33818115234375
9.46751220703125
9.15136962890625
8.80169677734375
9.096284179687501
9.410031738281251
9.8483203125
9.793234863281251
9.4124267578125
9.074729003906251
8.87354736328125
8.98850830078125
9.06035888671875
9.65432373046875
9.702224121093751
9.98483642578125
9.6040283203125
9.5034375
9.13220947265625
9.02682861328125
8.85917724609375
9.819580078125
9.402846679687501
9.9968115234375
9.261540527343751
9.560917968750001
8.7801416015625
9.14657958984375
8.98611328125
9.9393310546875
9.38608154296875
10.128537597656251
9.13699951171875
9.417216796875001
8.3969384765625
9.48188232421875
8.7035009765625
9.9680712890625
9.1585546875
10.001601562500001
8.9813232421875
9.695039062500001
8.4065185546875
9.426796875
8.5310595703125
9.987231445312501
9.42440185546875
10.25068359375
9.3453662109375
9.63755859375
8.377778320312501
9.72138427734375
8.8376220703125
10.13811767578125
9.37171142578125
10.1309326171875
8.969348144531251
9.89861572265625
8.550219726562501
9.51062255859375
8.871152343750001
10.20996826171875
9.5465478515625
10.061477050781251
8.82085693359375
9.3932666015625
8.19336181640625
9.7189892578125
8.871152343750001
9.9776513671875
9.5657080078125
9.82676513671875
9.14657958984375
9.45793212890625
8.593330078125
9.2399853515625
8.94779296875
10.1117724609375
9.589658203125001
10.2363134765625
9.30944091796875
9.21364013671875
8.91186767578125
9.51062255859375
9.342971191406251
9.81
9.60163330078125
9.88424560546875
9.37650146484375
8.916657714843751
8.9525830078125
8.95018798828125
9.3836865234375
9.71180419921875
9.98244140625
9.704619140625
9.35255126953125
8.919052734375
9.03161865234375
8.842412109375001
9.65911376953125
9.36213134765625
10.08063720703125
9.44356201171875
9.65432373046875
8.969348144531251
9.194479980468751
8.715476074218751
9.596843261718751
9.321416015625001
10.135722656250001
9.04119873046875
9.58726318359375
8.5310595703125
9.40763671875
8.842412109375001
9.76449462890625
9.410031738281251
9.81718505859375
8.86875732421875
9.941726074218751
8.32748291015625
9.49146240234375
8.55261474609375
10.0638720703125
9.48667236328125
10.015971679687501
8.90707763671875
9.53936279296875
8.2340771484375
9.5657080078125
8.49992431640625
10.1548828125
9.43877197265625
10.28181884765625
8.938212890625
10.1309326171875
8.550219726562501
9.448352050781251
8.751401367187501
10.145302734375
9.314230957031251
10.25786865234375
8.849597167968751
9.8339501953125
8.18857177734375
9.52499267578125
8.76816650390625
10.02076171875
9.635163574218751
9.987231445312501
8.811276855468751
9.656718750000001
8.29395263671875
9.2878857421875
8.8663623046875
9.9010107421875
9.627978515625001
9.6615087890625
9.117839355468751
9.441166992187501
8.76816650390625
9.244775390625
9.1058642578125
10.00399658203125
9.821975097656251
9.972861328125001
9.103469238281251
9.24717041015625
8.7322412109375
8.84001708984375
9.30944091796875
9.8435302734375
9.68306396484375
9.67827392578125
9.2112451171875
9.244775390625
8.74900634765625
9.163344726562501
9.59205322265625
9.769284667968751
9.97525634765625
9.568103027343751
9.42440185546875
8.919052734375
8.85917724609375
8.90707763671875
9.83155517578125
9.551337890625
10.092612304687501
9.33818115234375
9.69264404296875
8.954978027343751
9.1537646484375
9.043593750000001
9.53936279296875
9.7860498046875
10.030341796875
8.9525830078125
9.536967773437501
8.4352587890625
9.25675048828125
8.8280419921875
9.95130615234375
9.187294921875
10.075847167968751
9.04119873046875
9.98244140625
8.5023193359375
9.40763671875
8.631650390625001
9.956096191406251
9.14657958984375
10.423125
8.90707763671875
9.666298828125
8.133486328125
9.553732910156251
8.59093505859375
10.10458740234375
9.30465087890625
10.298583984375
8.804091796875001
10.061477050781251
8.64362548828125
9.50583251953125
8.782536621093751
10.054291992187501
9.55852294921875
10.2363134765625
8.89749755859375
9.6998291015625
8.3298779296875
9.580078125
8.64841552734375
10.1309326171875
9.53936279296875
9.912985839843751
9.074729003906251
9.5034375
8.296347656250001
9.34776123046875
8.77774658203125
10.13811767578125
9.649533691406251
9.723779296875
9.290280761718751
9.410031738281251
8.617280273437501
9.44356201171875
8.9286328125
9.88424560546875
9.620793457031251
10.0830322265625
8.931027832031251
9.0579638671875
9.00287841796875
9.022038574218751
9.36213134765625
9.76449462890625
10.06626708984375
9.66390380859375
9.47230224609375
9.3118359375
8.7035009765625
8.789721679687501
9.4507470703125
9.4124267578125
10.099797363281251
9.395661621093751
9.513017578125
9.050778808593751
9.0004833984375
8.782536621093751
9.781259765625
9.56331298828125
10.34408935546875
9.01724853515625
9.65432373046875
8.916657714843751
9.2591455078125
8.85917724609375
9.5848681640625
9.553732910156251
10.2315234375
8.87354736328125
9.87945556640625
8.52866455078125
9.2112451171875
8.593330078125
9.889035644531251
9.4507470703125
10.21475830078125
8.737031250000001
9.96088623046875
8.21970703125
9.63037353515625
8.504714355468751
10.174042968750001
