11.83379150390625
11.438613281250001
11.5775244140625
12.26010498046875
11.656560058593751
10.727292480468751
11.460168457031251
11.191926269531251
12.10682373046875
11.019484863281251
12.628937988281251
12.080478515625
11.4434033203125
11.0602001953125
11.45537841796875
11.5008837890625
12.502001953125001
11.14881591796875
11.21108642578125
11.352392578125
11.44100830078125
11.333232421875001
12.00144287109375
11.57512939453125
11.4625634765625
11.371552734375001
11.773916015625
11.96791259765625
11.23982666015625
10.233918457031251
11.829001464843751
11.7882861328125
11.83858154296875
11.59907958984375
11.139235839843751
11.139235839843751
12.051738281250001
11.36197265625
11.266171875000001
11.697275390625
10.7153173828125
11.589499511718751
11.65177001953125
12.650493164062501
11.349997558593751
10.777587890625
11.49369873046875
12.343930664062501
11.2422216796875
12.284055175781251
10.63388671875
11.093730468750001
11.49609375
12.07329345703125
11.75715087890625
11.793076171875
10.8446484375
12.540322265625
12.037368164062501
11.620634765625
10.88057373046875
11.50327880859375
11.01708984375
11.896062011718751
12.090058593750001
12.50439697265625
11.47453857421875
11.11528564453125
11.3667626953125
12.91155029296875
11.66135009765625
12.202624511718751
11.19671630859375
10.89494384765625
11.44100830078125
11.050620117187501
11.9798876953125
11.448193359375
10.85662353515625
11.829001464843751
12.418176269531251
11.67572021484375
11.469748535156251
10.68897216796875
10.847043457031251
12.135563964843751
11.625424804687501
11.153605957031251
12.233759765625
11.28533203125
11.999047851562501
11.80265625
10.600356445312501
10.988349609375
11.75715087890625
11.57033935546875
12.118798828125001
11.37394775390625
10.990744628906251
11.32125732421875
10.966794433593751
11.92959228515625
11.639794921875001
11.48890869140625
12.343930664062501
11.8745068359375
10.81351318359375
11.6876953125
11.47453857421875
12.07329345703125
11.81463134765625
11.1943212890625
11.371552734375001
12.255314941406251
11.639794921875001
11.89845703125
10.765612792968751
11.2278515625
12.01341796875
12.003837890625
11.21587646484375
11.745175781250001
11.199111328125001
11.5392041015625
11.7212255859375
10.97876953125
11.349997558593751
12.308005371093751
10.85183349609375
12.09245361328125
11.5392041015625
11.42663818359375
11.984677734375001
10.9643994140625
11.78110107421875
11.78110107421875
12.051738281250001
11.80984130859375
11.132050781250001
10.44228515625
12.3535107421875
11.977492675781251
11.843371582031251
11.57033935546875
11.400292968750001
11.66853515625
12.94508056640625
11.14402587890625
11.06259521484375
11.400292968750001
11.596684570312501
12.12119384765625
12.62414794921875
11.086545410156251
11.9415673828125
10.68418212890625
12.051738281250001
12.11640380859375
11.59428955078125
10.87578369140625
12.02060302734375
11.064990234375001
11.429033203125
11.3763427734375
11.589499511718751
11.275751953125
11.37394775390625
12.080478515625
11.618239746093751
11.31646728515625
11.54638916015625
10.88296875
11.1560009765625
12.0852685546875
11.692485351562501
11.7499658203125
11.709250488281251
11.24940673828125
11.903247070312501
11.88169189453125
10.62670166015625
10.540480957031251
12.118798828125001
11.8840869140625
11.812236328125001
11.35478759765625
10.53090087890625
11.326047363281251
12.00144287109375
11.46495849609375
11.86013671875
11.26377685546875
11.931987304687501
11.2230615234375
11.43621826171875
11.4817236328125
11.589499511718751
11.793076171875
12.11640380859375
11.122470703125
11.6445849609375
11.620634765625
11.4721435546875
11.191926269531251
11.55357421875
11.658955078125
11.96791259765625
11.122470703125
11.82421142578125
11.7787060546875
11.290122070312501
11.35478759765625
11.74757080078125
10.94763427734375
11.790681152343751
11.678115234375001
11.625424804687501
11.36197265625
11.251801757812501
10.9548193359375
12.38464599609375
12.2577099609375
12.157119140625001
12.15472412109375
11.4338232421875
11.910432128906251
10.8973388671875
11.072175292968751
12.1140087890625
11.1512109375
11.72841064453125
12.34153564453125
11.3763427734375
11.68051025390625
11.65177001953125
11.49609375
11.66853515625
11.5392041015625
10.9260791015625
12.547507324218751
12.032578125
11.7787060546875
11.16318603515625
11.52722900390625
11.579919433593751
11.96791259765625
11.04822509765625
12.28166015625
11.572734375000001
11.39789794921875
11.41226806640625
11.730805664062501
11.32125732421875
11.82421142578125
11.00032470703125
12.569062500000001
12.14514404296875
10.966794433593751
10.727292480468751
11.064990234375001
11.218271484375
12.42296630859375
11.28772705078125
11.21108642578125
11.8266064453125
10.93326416015625
10.959609375000001
12.164304199218751
10.93326416015625
11.72841064453125
11.31646728515625
10.90212890625
11.857741699218751
11.66853515625
10.42552001953125
11.3811328125
11.206296386718751
11.948752441406251
12.51397705078125
10.8685986328125
10.878178710937501
11.6541650390625
11.0697802734375
12.29363525390625
11.42184814453125
10.969189453125
12.06371337890625
11.56075927734375
12.216994628906251
11.970307617187501
10.368039550781251
11.218271484375
12.05413330078125
11.601474609375
12.0948486328125
11.21587646484375
10.772797851562501
12.02060302734375
11.59907958984375
11.697275390625
12.118798828125001
10.82788330078125
11.5679443359375
12.015812988281251
11.11528564453125
11.9942578125
11.582314453125
10.86620361328125
12.233759765625
11.9128271484375
11.275751953125
11.76673095703125
11.663745117187501
11.73320068359375
10.7440576171875
11.35478759765625
11.999047851562501
11.6445849609375
11.7116455078125
12.01341796875
11.699670410156251
11.311677246093751
11.4338232421875
11.304492187500001
12.1235888671875
11.946357421875001
11.42184814453125
11.730805664062501
11.692485351562501
11.05541015625
12.22657470703125
11.8170263671875
10.973979492187501
11.805051269531251
11.55596923828125
11.776311035156251
11.776311035156251
10.6290966796875
11.663745117187501
11.2997021484375
12.128378906250001
11.3763427734375
11.0745703125
11.769125976562501
12.238549804687501
11.06259521484375
11.46495849609375
10.712922363281251
11.603869628906251
12.348720703125
11.759545898437501
10.93326416015625
11.28293701171875
10.914104003906251
11.879296875000001
11.438613281250001
11.103310546875
11.5871044921875
11.92001220703125
11.01708984375
11.3380224609375
11.117680664062501
11.62781982421875
11.582314453125
11.318862304687501
11.39789794921875
12.19783447265625
10.959609375000001
12.01341796875
10.973979492187501
11.8457666015625
12.137958984375
10.825488281250001
11.83858154296875
12.068503417968751
11.66614013671875
11.64697998046875
11.589499511718751
11.03625
11.76673095703125
11.66614013671875
11.8840869140625
12.336745605468751
11.32125732421875
10.77519287109375
11.82421142578125
11.62781982421875
12.276870117187501
11.879296875000001
10.966794433593751
11.4434033203125
12.01341796875
11.620634765625
11.735595703125
10.921289062500001
11.42663818359375
12.40859619140625
11.371552734375001
12.31279541015625
11.34520751953125
10.6195166015625
12.214599609375
11.726015625
11.34520751953125
11.86013671875
10.9260791015625
12.456496582031251
12.64809814453125
10.91889404296875
11.829001464843751
11.390712890625
10.878178710937501
12.444521484375
11.93438232421875
11.16318603515625
11.51525390625
11.258986816406251
11.32365234375
12.34153564453125
11.697275390625
11.524833984375
11.872111816406251
10.6482568359375
12.171489257812501
12.08766357421875
10.427915039062501
11.390712890625
11.3955029296875
11.81463134765625
11.8074462890625
11.07696533203125
12.137958984375
11.124865722656251
11.0314599609375
11.86253173828125
11.42663818359375
10.7632177734375
12.058923339843751
10.9548193359375
11.611054687500001
11.491303710937501
10.870993652343751
10.8877587890625
12.137958984375
11.2230615234375
11.872111816406251
10.878178710937501
10.878178710937501
11.869716796875
11.57512939453125
11.184741210937501
12.1619091796875
11.4577734375
11.8936669921875
11.94396240234375
11.199111328125001
11.4050830078125
11.06259521484375
12.252919921875
12.3008203125
11.06738525390625
11.311677246093751
11.946357421875001
11.73320068359375
11.896062011718751
11.084150390625
11.3284423828125
12.07329345703125
12.051738281250001
11.364367675781251
11.726015625
11.079360351562501
11.52243896484375
11.86253173828125
11.618239746093751
11.5775244140625
12.032578125
11.0985205078125
11.773916015625
11.692485351562501
11.0602001953125
11.903247070312501
11.76673095703125
11.0889404296875
12.15951416015625
11.5392041015625
11.888876953125001
11.170371093750001
11.3428125
11.77152099609375
11.170371093750001
11.793076171875
11.946357421875001
11.139235839843751
11.5344140625
11.92959228515625
11.22545654296875
11.783496093750001
10.959609375000001
11.220666503906251
12.530742187500001
11.850556640625001
10.739267578125
11.00032470703125
11.431428222656251
12.44691650390625
11.977492675781251
10.82788330078125
11.5344140625
12.410991210937501
11.52722900390625
11.400292968750001
11.47932861328125
11.23503662109375
11.639794921875001
11.89127197265625
12.33195556640625
11.4721435546875
11.01469482421875
11.40268798828125
11.124865722656251
11.050620117187501
12.14035400390625
10.660231933593751
11.649375000000001
11.438613281250001
11.191926269531251
11.2326416015625
11.35957763671875
10.57640625
12.164304199218751
11.7643359375
11.2997021484375
11.56075927734375
11.6062646484375
10.34408935546875
11.857741699218751
11.52722900390625
11.991862792968751
11.70446044921875
11.06259521484375
11.34520751953125
12.71994873046875
10.81351318359375
11.572734375000001
10.82309326171875
11.5679443359375
11.49609375
11.2230615234375
12.521162109375
11.88169189453125
10.751242675781251
11.946357421875001
11.73320068359375
11.26377685546875
12.35590576171875
11.237431640625001
11.536809082031251
12.003837890625
11.179951171875
11.64218994140625
12.185859375000001
11.2278515625
12.1140087890625
11.1943212890625
11.333232421875001
12.125983886718751
11.25419677734375
10.44468017578125
12.322375488281251
11.8074462890625
11.699670410156251
11.697275390625
10.914104003906251
11.05301513671875
12.22657470703125
11.512858886718751
12.26010498046875
11.4625634765625
11.170371093750001
11.658955078125
11.2422216796875
11.872111816406251
12.032578125
11.35478759765625
11.632609863281251
11.57512939453125
11.7882861328125
12.118798828125001
10.835068359375
10.63388671875
11.8840869140625
11.44100830078125
11.22545654296875
12.090058593750001
11.50327880859375
11.95833251953125
11.85295166015625
10.772797851562501
11.872111816406251
11.596684570312501
11.0745703125
12.23615478515625
11.5104638671875
11.98228271484375
12.0469482421875
10.847043457031251
11.064990234375001
10.58838134765625
12.01341796875
12.434941406250001
11.297307128906251
10.71771240234375
11.2709619140625
11.0027197265625
12.16669921875
11.045830078125
10.92847412109375
11.70685546875
12.343930664062501
11.40747802734375
12.0708984375
11.019484863281251
11.04343505859375
11.311677246093751
12.10921875
12.10682373046875
11.78589111328125
10.4087548828125
11.790681152343751
11.7787060546875
11.184741210937501
11.4338232421875
11.829001464843751
10.98595458984375
12.298425292968751
11.1368408203125
11.697275390625
11.4817236328125
11.5104638671875
11.8170263671875
11.43621826171875
12.252919921875
11.93677734375
11.0314599609375
11.064990234375001
11.77152099609375
11.678115234375001
12.209809570312501
11.2326416015625
10.966794433593751
11.89127197265625
12.14514404296875
11.1655810546875
11.38831787109375
11.02906494140625
12.03976318359375
12.39901611328125
11.5871044921875
11.20869140625
11.903247070312501
10.70813232421875
11.2230615234375
11.52722900390625
11.77152099609375
12.185859375000001
11.745175781250001
11.9128271484375
11.160791015625001
10.741662597656251
12.31279541015625
11.467353515625
11.498488769531251
12.032578125
11.3667626953125
11.71883056640625
12.23615478515625
11.184741210937501
11.393107910156251
11.793076171875
11.52243896484375
12.042158203125
11.843371582031251
11.2709619140625
12.15472412109375
11.917617187500001
11.30209716796875
11.57033935546875
11.42184814453125
11.596684570312501
12.63851806640625
11.70685546875
11.596684570312501
11.5344140625
11.04343505859375
12.248129882812501
11.51764892578125
11.984677734375001
12.39901611328125
10.82309326171875
11.15839599609375
10.787167968750001
11.36197265625
11.97509765625
11.773916015625
10.966794433593751
11.7020654296875
11.21108642578125
12.0469482421875
11.74278076171875
10.6290966796875
11.230246582031251
12.10203369140625
11.417058105468751
12.22657470703125
11.36197265625
10.9548193359375
11.2278515625
11.95354248046875
10.878178710937501
11.77152099609375
11.1512109375
11.55596923828125
12.2193896484375
11.726015625
10.873388671875
11.37394775390625
10.966794433593751
11.783496093750001
11.977492675781251
12.233759765625
11.864926757812501
10.885363769531251
11.041040039062501
11.656560058593751
12.2672900390625
12.10203369140625
11.304492187500001
10.6865771484375
11.88648193359375
11.984677734375001
11.419453125
11.3763427734375
10.91889404296875
11.2997021484375
12.3918310546875
12.006232910156251
11.7212255859375
10.63628173828125
10.48300048828125
12.1331689453125
12.487631835937501
10.77519287109375
11.476933593750001
11.318862304687501
11.745175781250001
11.18713623046875
11.467353515625
11.850556640625001
11.139235839843751
11.42184814453125
12.19783447265625
11.62781982421875
12.171489257812501
11.4817236328125
11.050620117187501
11.692485351562501
11.82181640625
11.47932861328125
12.272080078125
11.60865966796875
11.563154296875
11.68051025390625
11.95354248046875
11.66614013671875
11.445798339843751
11.220666503906251
12.0565283203125
12.4397314453125
11.563154296875
10.7823779296875
11.543994140625001
10.794353027343751
11.0027197265625
11.1943212890625
12.41338623046875
12.5259521484375
10.870993652343751
10.41593994140625
11.18953125
11.857741699218751
12.16909423828125
11.297307128906251
11.07696533203125
11.5871044921875
11.603869628906251
11.409873046875001
11.5344140625
10.835068359375
11.66135009765625
11.829001464843751
12.00144287109375
11.88169189453125
11.326047363281251
10.45426025390625
11.3092822265625
11.625424804687501
12.19783447265625
11.888876953125001
10.90931396484375
10.952424316406251
11.11528564453125
11.62781982421875
12.24094482421875
11.220666503906251
11.132050781250001
11.7643359375
11.7403857421875
12.171489257812501
11.977492675781251
10.22433837890625
11.1368408203125
12.11640380859375
12.142749023437501
12.06371337890625
11.03625
10.861413574218751
11.864926757812501
11.8457666015625
11.5344140625
11.297307128906251
10.930869140625001
11.95354248046875
12.128378906250001
11.45058837890625
11.632609863281251
11.177556152343751
10.772797851562501
12.171489257812501
11.9942578125
12.2289697265625
11.999047851562501
11.80984130859375
11.251801757812501
10.87578369140625
11.23982666015625
12.08766357421875
11.38831787109375
11.170371093750001
11.304492187500001
11.88169189453125
12.03497314453125
11.68051025390625
10.7153173828125
11.68051025390625
12.082873535156251
12.022998046875001
11.59907958984375
11.393107910156251
10.988349609375
11.97270263671875
11.872111816406251
11.54638916015625
11.378737792968751
11.61344970703125
11.812236328125001
12.10921875
11.14402587890625
11.124865722656251
11.486513671875
11.620634765625
11.563154296875
11.2278515625
11.948752441406251
12.16909423828125
11.30688720703125
10.58359130859375
10.997929687500001
12.1810693359375
12.291240234375001
11.33562744140625
10.74645263671875
11.15839599609375
11.3428125
11.970307617187501
11.32125732421875
11.237431640625001
11.31646728515625
11.752360839843751
12.008627929687501
11.85295166015625
10.5141357421875
10.85662353515625
11.620634765625
11.805051269531251
11.5871044921875
11.5775244140625
11.340417480468751
11.52243896484375
11.5871044921875
11.51764892578125
12.082873535156251
11.48890869140625
11.33562744140625
11.685300292968751
11.42663818359375
12.066108398437501
11.54638916015625
10.950029296875
11.44100830078125
11.7212255859375
11.93677734375
12.20741455078125
11.086545410156251
10.77519287109375
11.273356933593751
12.2193896484375
12.07329345703125
11.04343505859375
10.727292480468751
11.572734375000001
12.494816894531251
11.924802246093751
11.0745703125
10.614726562500001
11.63021484375
11.970307617187501
12.51397705078125
11.086545410156251
12.164304199218751
10.734477539062501
11.6062646484375
11.589499511718751
11.7643359375
11.543994140625001
11.6733251953125
11.805051269531251
12.31279541015625
11.424243164062501
11.931987304687501
11.40747802734375
11.611054687500001
11.67572021484375
12.1523291015625
11.409873046875001
12.176279296875
11.141630859375
11.258986816406251
11.70446044921875
12.044553222656251
11.484118652343751
12.03976318359375
11.05541015625
11.97509765625
11.82181640625
11.55596923828125
10.78956298828125
11.74278076171875
11.11528564453125
11.37394775390625
11.697275390625
12.0948486328125
11.390712890625
11.05541015625
11.400292968750001
11.611054687500001
11.3667626953125
11.773916015625
11.678115234375001
11.18953125
11.110495605468751
11.460168457031251
11.649375000000001
11.8170263671875
11.417058105468751
11.551179199218751
11.36197265625
11.726015625
11.57033935546875
10.95721435546875
11.21108642578125
11.59907958984375
11.8936669921875
11.685300292968751
11.910432128906251
11.04343505859375
10.9260791015625
11.55357421875
11.74278076171875
12.082873535156251
11.649375000000001
11.70685546875
11.086545410156251
11.8553466796875
11.6829052734375
11.603869628906251
10.945239257812501
11.57033935546875
12.02060302734375
12.135563964843751
11.20150634765625
11.280541992187501
11.43621826171875
11.558364257812501
11.754755859375
11.67572021484375
11.71404052734375
11.417058105468751
11.14402587890625
11.80026123046875
11.836186523437501
11.139235839843751
11.1368408203125
11.378737792968751
11.9942578125
12.310400390625
12.310400390625
11.66614013671875
11.460168457031251
11.4050830078125
11.965517578125
11.64697998046875
12.01102294921875
11.2039013671875
11.8170263671875
11.4721435546875
12.082873535156251
11.43621826171875
11.30688720703125
11.44100830078125
12.202624511718751
11.42184814453125
11.99665283203125
11.1943212890625
11.58470947265625
11.36197265625
12.2193896484375
11.850556640625001
11.59907958984375
11.294912109375
12.27926513671875
11.726015625
11.639794921875001
11.393107910156251
11.256591796875
11.793076171875
11.59189453125
11.371552734375001
10.7536376953125
11.752360839843751
11.793076171875
11.23503662109375
11.349997558593751
11.3811328125
11.92959228515625
12.022998046875001
11.220666503906251
10.9931396484375
11.2326416015625
11.620634765625
11.620634765625
11.678115234375001
11.03625
11.61344970703125
11.69488037109375
11.45058837890625
11.275751953125
11.349997558593751
11.716435546875001
11.42184814453125
11.55357421875
12.231364746093751
12.003837890625
11.050620117187501
10.990744628906251
11.469748535156251
12.10921875
11.797866210937501
11.572734375000001
11.35478759765625
11.63021484375
11.237431640625001
11.72841064453125
11.452983398437501
11.37394775390625
11.191926269531251
11.92001220703125
11.896062011718751
12.262500000000001
10.58838134765625
10.621911621093751
11.56075927734375
12.06371337890625
11.6062646484375
11.14881591796875
10.92847412109375
12.02060302734375
11.57512939453125
11.01708984375
10.796748046875
11.737990722656251
11.790681152343751
12.336745605468751
11.783496093750001
11.829001464843751
11.452983398437501
10.41593994140625
11.71883056640625
11.8936669921875
11.4625634765625
11.0745703125
12.2577099609375
12.224179687500001
11.75715087890625
10.315349121093751
11.3955029296875
11.81463134765625
11.955937500000001
11.409873046875001
12.389436035156251
11.977492675781251
11.603869628906251
9.941726074218751
11.7403857421875
12.55708740234375
12.4541015625
11.045830078125
12.171489257812501
11.752360839843751
11.7499658203125
10.3416943359375
11.041040039062501
12.233759765625
12.521162109375
11.879296875000001
11.601474609375
11.97509765625
11.230246582031251
10.001601562500001
11.12007568359375
11.793076171875
11.80026123046875
11.76673095703125
11.52722900390625
12.343930664062501
12.10921875
11.340417480468751
9.6902490234375
11.18234619140625
12.10203369140625
11.77152099609375
11.783496093750001
11.879296875000001
12.022998046875001
11.7403857421875
10.7919580078125
10.480605468750001
11.663745117187501
11.699670410156251
11.448193359375
12.05413330078125
11.93677734375
11.89127197265625
11.03864501953125
10.794353027343751
11.72841064453125
11.42663818359375
11.829001464843751
12.00144287109375
12.2289697265625
11.82421142578125
10.94763427734375
10.6482568359375
11.2997021484375
11.46495849609375
12.1523291015625
12.051738281250001
12.082873535156251
11.10570556640625
9.874665527343751
11.304492187500001
11.903247070312501
11.92959228515625
11.991862792968751
11.69009033203125
11.98228271484375
10.6769970703125
9.9680712890625
11.819421386718751
11.843371582031251
11.92959228515625
12.20501953125
12.961845703125
11.68051025390625
9.75012451171875
10.511740722656251
12.830119628906251
11.927197265625
11.89845703125
11.6350048828125
12.396621093750001
11.69009033203125
11.476933593750001
9.67587890625
11.64218994140625
11.685300292968751
12.82532958984375
11.99665283203125
11.93438232421875
11.4338232421875
11.5008837890625
10.42552001953125
11.177556152343751
11.7020654296875
12.19304443359375
11.836186523437501
12.22178466796875
11.5392041015625
11.948752441406251
10.7440576171875
11.1655810546875
11.9511474609375
12.022998046875001
11.89127197265625
11.24940673828125
11.5679443359375
11.730805664062501
10.8685986328125
10.835068359375
11.431428222656251
11.6876953125
12.0948486328125
11.8745068359375
11.790681152343751
11.61344970703125
10.911708984375
10.794353027343751
11.879296875000001
11.82181640625
11.790681152343751
11.6829052734375
11.8170263671875
11.390712890625
11.678115234375001
10.959609375000001
11.678115234375001
11.22545654296875
11.64697998046875
12.2672900390625
12.12119384765625
11.543994140625001
10.952424316406251
11.1560009765625
11.191926269531251
12.2289697265625
12.1235888671875
11.63739990234375
11.6062646484375
11.632609863281251
11.2422216796875
10.8973388671875
10.85662353515625
11.656560058593751
11.79547119140625
12.171489257812501
11.88648193359375
10.66981201171875
11.21108642578125
11.8170263671875
11.50806884765625
11.59189453125
11.611054687500001
11.75715087890625
11.448193359375
10.7680078125
11.333232421875001
11.486513671875
11.1655810546875
12.15951416015625
12.889995117187501
11.38831787109375
12.09245361328125
10.7632177734375
12.02060302734375
11.20869140625
12.24094482421875
11.23982666015625
12.339140625
11.400292968750001
12.81095947265625
10.8685986328125
11.47932861328125
10.81351318359375
12.5642724609375
11.75715087890625
12.75826904296875
11.2326416015625
11.939172363281251
10.68418212890625
11.7499658203125
11.448193359375
12.494816894531251
11.460168457031251
11.86013671875
11.7020654296875
12.28884521484375
10.83746337890625
10.466235351562501
11.66614013671875
11.7212255859375
12.846884765625001
11.476933593750001
11.273356933593751
11.5008837890625
10.83746337890625
11.25419677734375
11.948752441406251
11.46495849609375
11.1368408203125
11.258986816406251
12.6025927734375
11.476933593750001
10.751242675781251
10.27702880859375
11.752360839843751
11.80026123046875
12.65288818359375
11.184741210937501
12.16909423828125
11.565549316406251
10.7440576171875
10.97876953125
11.21587646484375
12.216994628906251
11.91522216796875
11.80984130859375
12.724738769531251
10.65544189453125
10.164462890625
11.793076171875
10.81351318359375
12.26010498046875
12.365485839843751
10.7153173828125
12.861254882812501
10.9356591796875
10.23870849609375
12.111613769531251
11.417058105468751
10.67939208984375
11.91522216796875
11.079360351562501
12.616962890625
11.79547119140625
10.260263671875
10.6195166015625
11.8936669921875
11.9942578125
12.8995751953125
10.94763427734375
12.6696533203125
11.050620117187501
11.26856689453125
10.88296875
12.18346435546875
11.27814697265625
13.280383300781251
11.469748535156251
12.43733642578125
11.0745703125
11.256591796875
10.921289062500001
13.083991699218751
11.3380224609375
12.485236816406251
11.64218994140625
12.01102294921875
11.11528564453125
11.9942578125
10.487790527343751
12.099638671875
11.565549316406251
13.1486572265625
11.61344970703125
11.524833984375
11.28293701171875
11.05301513671875
11.7116455078125
12.128378906250001
11.656560058593751
11.2613818359375
11.431428222656251
11.6541650390625
11.484118652343751
10.847043457031251
10.86380859375
11.5104638671875
12.329560546875001
12.09245361328125
11.924802246093751
11.033854980468751
11.139235839843751
11.29251708984375
11.4050830078125
11.199111328125001
12.051738281250001
11.491303710937501
11.8936669921875
11.34520751953125
11.529624023437501
11.32125732421875
11.2326416015625
10.607541503906251
12.20501953125
11.8745068359375
11.850556640625001
11.064990234375001
11.20869140625
11.191926269531251
11.26377685546875
11.658955078125
12.1140087890625
11.97270263671875
11.88169189453125
11.37394775390625
11.42184814453125
10.8494384765625
10.835068359375
11.385922851562501
12.142749023437501
12.17388427734375
11.80265625
10.90931396484375
11.220666503906251
11.37394775390625
11.60865966796875
11.4146630859375
11.409873046875001
11.769125976562501
11.82421142578125
11.83858154296875
11.213481445312501
11.00032470703125
11.71404052734375
12.128378906250001
12.95945068359375
11.697275390625
11.80026123046875
11.139235839843751
11.0889404296875
11.56075927734375
11.536809082031251
11.21587646484375
12.336745605468751
12.310400390625
11.819421386718751
11.43621826171875
11.266171875000001
10.88057373046875
11.9224072265625
11.72841064453125
12.157119140625001
11.730805664062501
11.565549316406251
11.230246582031251
11.57033935546875
11.4817236328125
11.6733251953125
11.931987304687501
12.090058593750001
11.419453125
11.045830078125
11.27814697265625
11.0697802734375
10.9643994140625
11.759545898437501
12.58103759765625
11.80984130859375
11.611054687500001
11.304492187500001
11.132050781250001
11.40268798828125
11.30688720703125
11.110495605468751
11.5392041015625
11.66614013671875
12.351115722656251
11.390712890625
10.832673339843751
11.16318603515625
11.41226806640625
11.618239746093751
11.917617187500001
11.01708984375
11.5392041015625
11.40268798828125
11.43621826171875
11.112890625
11.28772705078125
11.34520751953125
11.773916015625
12.51876708984375
12.621752929687501
11.16797607421875
10.37761962890625
10.952424316406251
12.0565283203125
11.917617187500001
11.864926757812501
11.69009033203125
11.618239746093751
11.7116455078125
11.45537841796875
10.451865234375001
11.093730468750001
11.65177001953125
11.64218994140625
11.8170263671875
11.88169189453125
11.5871044921875
11.02427490234375
10.95721435546875
11.579919433593751
12.111613769531251
11.9607275390625
11.512858886718751
10.906918945312501
11.2278515625
11.82181640625
11.3763427734375
11.452983398437501
12.178674316406251
12.2864501953125
11.927197265625
12.022998046875001
11.579919433593751
10.423125
11.08175537109375
11.89127197265625
12.1810693359375
11.946357421875001
11.843371582031251
11.36915771484375
11.745175781250001
11.7882861328125
10.945239257812501
10.7440576171875
11.984677734375001
12.434941406250001
12.051738281250001
11.563154296875
11.124865722656251
10.85183349609375
11.8745068359375
12.31279541015625
11.7643359375
11.917617187500001
11.97509765625
11.74757080078125
11.45537841796875
10.72250244140625
10.91889404296875
11.64697998046875
12.4301513671875
12.339140625
11.4625634765625
10.796748046875
11.40747802734375
11.378737792968751
11.072175292968751
11.244616699218751
11.48890869140625
11.55596923828125
12.31758544921875
11.512858886718751
11.045830078125
11.42663818359375
11.244616699218751
11.314072265625
11.8457666015625
11.829001464843751
11.385922851562501
11.589499511718751
10.6578369140625
10.8206982421875
12.075688476562501
12.516372070312501
12.058923339843751
12.233759765625
11.82181640625
11.790681152343751
10.85183349609375
10.4566552734375
11.24940673828125
11.618239746093751
11.8409765625
12.269685058593751
11.783496093750001
11.17276611328125
11.244616699218751
11.364367675781251
11.18953125
11.40747802734375
11.45058837890625
11.699670410156251
12.022998046875001
11.88648193359375
10.870993652343751
11.033854980468751
11.69009033203125
11.970307617187501
12.3918310546875
11.869716796875
11.199111328125001
11.084150390625
11.1368408203125
10.914104003906251
10.98595458984375
11.419453125
12.298425292968751
12.10203369140625
12.099638671875
11.50806884765625
10.75603271484375
11.110495605468751
11.81463134765625
12.118798828125001
12.135563964843751
11.63739990234375
11.7882861328125
11.0985205078125
11.491303710937501
11.6733251953125
11.400292968750001
11.783496093750001
12.238549804687501
11.61344970703125
11.92959228515625
11.23503662109375
10.631491699218751
11.32365234375
12.269685058593751
12.20741455078125
11.963122558593751
11.999047851562501
11.385922851562501
10.66981201171875
11.18953125
11.2422216796875
11.558364257812501
11.601474609375
11.89127197265625
12.35590576171875
11.8553466796875
10.9931396484375
10.70813232421875
10.930869140625001
11.87690185546875
12.032578125
11.2326416015625
11.60865966796875
11.76194091796875
11.064990234375001
11.033854980468751
11.38352783203125
11.38352783203125
11.910432128906251
12.01102294921875
11.843371582031251
11.07696533203125
11.42184814453125
10.97876953125
11.371552734375001
12.0852685546875
12.45170654296875
12.07808349609375
11.790681152343751
11.139235839843751
10.885363769531251
10.4853955078125
11.09612548828125
11.819421386718751
11.955937500000001
11.999047851562501
11.8074462890625
11.620634765625
11.02906494140625
11.139235839843751
11.6350048828125
11.71404052734375
11.977492675781251
11.88169189453125
11.340417480468751
11.46495849609375
11.29251708984375
11.20869140625
11.737990722656251
11.62302978515625
11.66614013671875
12.39422607421875
12.21220458984375
10.5811962890625
10.653046875000001
11.30209716796875
11.75715087890625
12.252919921875
12.01102294921875
11.72841064453125
11.82181640625
11.512858886718751
11.663745117187501
10.526110839843751
11.141630859375
11.6876953125
12.315190429687501
12.5259521484375
11.66853515625
10.14290771484375
11.476933593750001
12.252919921875
11.80265625
11.20869140625
11.61344970703125
12.27926513671875
11.97270263671875
11.01708984375
11.093730468750001
11.153605957031251
11.625424804687501
12.16669921875
12.590617675781251
12.082873535156251
11.8170263671875
10.90212890625
10.286608886718751
11.59428955078125
11.83379150390625
12.099638671875
11.28772705078125
12.322375488281251
11.76673095703125
10.518925781250001
11.141630859375
11.220666503906251
11.086545410156251
11.737990722656251
11.8409765625
11.69009033203125
11.378737792968751
10.990744628906251
10.607541503906251
11.9798876953125
12.02060302734375
12.030183105468751
11.582314453125
11.0697802734375
11.505673828125001
12.1523291015625
10.8590185546875
10.59796142578125
11.3811328125
12.86364990234375
12.798984375
11.49369873046875
11.153605957031251
11.050620117187501
11.019484863281251
11.3763427734375
11.8266064453125
11.737990722656251
12.142749023437501
11.759545898437501
11.6158447265625
11.349997558593751
10.533295898437501
11.7116455078125
12.006232910156251
11.95354248046875
11.9607275390625
11.349997558593751
10.825488281250001
11.831396484375
11.122470703125
10.8877587890625
11.999047851562501
12.365485839843751
12.23615478515625
11.872111816406251
11.297307128906251
10.95721435546875
11.19671630859375
11.045830078125
11.726015625
12.358300781250001
12.022998046875001
11.9128271484375
11.333232421875001
10.89015380859375
11.3955029296875
11.230246582031251
11.73320068359375
12.329560546875001
11.649375000000001
12.10203369140625
11.1368408203125
10.087822265625
11.24701171875
12.04934326171875
12.51158203125
12.545112304687501
11.304492187500001
10.952424316406251
11.26856689453125
11.3763427734375
11.66135009765625
11.100915527343751
11.206296386718751
12.68641845703125
12.76784912109375
11.737990722656251
11.59428955078125
10.23870849609375
11.45058837890625
12.195439453125001
12.08766357421875
12.030183105468751
12.0852685546875
11.51525390625
11.45537841796875
11.045830078125
11.49369873046875
11.28533203125
11.73320068359375
12.375065917968751
12.0277880859375
10.89494384765625
11.357182617187501
10.356064453125
11.357182617187501
12.47565673828125
12.348720703125
11.8457666015625
12.0708984375
11.17276611328125
11.064990234375001
11.390712890625
11.429033203125
11.40747802734375
11.692485351562501
11.50806884765625
12.22657470703125
12.08766357421875
10.739267578125
10.20996826171875
10.87578369140625
12.125983886718751
12.854069824218751
11.22545654296875
11.23982666015625
11.80984130859375
11.27814697265625
11.50806884765625
11.30209716796875
11.68051025390625
12.051738281250001
12.058923339843751
12.149934082031251
11.005114746093751
10.528505859375
11.24940673828125
11.663745117187501
12.099638671875
12.1331689453125
11.52243896484375
11.692485351562501
11.95354248046875
10.65065185546875
10.643466796875
11.57033935546875
11.92001220703125
12.434941406250001
12.1810693359375
11.3284423828125
11.4577734375
11.213481445312501
10.7823779296875
11.4434033203125
11.50327880859375
12.0852685546875
11.3428125
12.224179687500001
12.157119140625001
10.3704345703125
10.832673339843751
11.864926757812501
12.645703125
13.14147216796875
11.60865966796875
10.878178710937501
12.032578125
10.997929687500001
11.0602001953125
11.5487841796875
12.003837890625
11.8936669921875
12.2289697265625
11.429033203125
11.984677734375001
11.079360351562501
10.50216064453125
11.2997021484375
12.0948486328125
12.176279296875
12.305610351562501
11.39789794921875
11.033854980468751
11.280541992187501
11.50327880859375
12.066108398437501
11.984677734375001
11.498488769531251
12.33195556640625
11.064990234375001
11.191926269531251
10.86620361328125
10.471025390625
11.831396484375
12.547507324218751
12.176279296875
12.188254394531251
11.007509765625
10.451865234375001
11.3428125
11.4434033203125
11.2326416015625
11.76194091796875
11.3428125
12.097243652343751
12.4014111328125
10.435100097656251
9.88424560546875
11.311677246093751
11.84816162109375
12.216994628906251
11.95354248046875
11.5344140625
12.066108398437501
10.391989746093751
11.273356933593751
11.36197265625
11.2709619140625
12.3726708984375
12.3535107421875
11.5871044921875
11.52243896484375
10.643466796875
10.36564453125
12.142749023437501
11.512858886718751
11.977492675781251
12.41338623046875
11.639794921875001
11.417058105468751
10.794353027343751
10.54527099609375
12.26489501953125
11.678115234375001
11.46495849609375
12.066108398437501
11.96791259765625
11.66135009765625
10.90452392578125
10.43989013671875
11.66135009765625
12.10921875
11.991862792968751
12.07808349609375
11.8936669921875
11.1272607421875
11.13444580078125
10.89494384765625
11.819421386718751
12.509187011718751
11.9511474609375
12.73910888671875
11.8074462890625
10.8494384765625
10.183623046875
11.3476025390625
11.872111816406251
12.248129882812501
11.5008837890625
11.76673095703125
12.16909423828125
11.371552734375001
10.2171533203125
11.697275390625
11.117680664062501
12.5930126953125
12.195439453125001
11.90564208984375
12.051738281250001
11.09133544921875
9.9249609375
12.080478515625
11.31646728515625
12.42296630859375
12.482841796875
11.68051025390625
11.75715087890625
10.674602050781251
10.578801269531251
11.78110107421875
11.21108642578125
11.955937500000001
12.339140625
12.202624511718751
12.08766357421875
10.31055908203125
9.56331298828125
12.50439697265625
12.0277880859375
11.89127197265625
11.970307617187501
11.326047363281251
11.512858886718751
11.27814697265625
10.16206787109375
11.0602001953125
11.484118652343751
11.78110107421875
12.83969970703125
12.406201171875
11.072175292968751
10.2458935546875
10.511740722656251
11.68051025390625
12.75826904296875
12.04934326171875
12.351115722656251
11.3667626953125
11.51525390625
10.93326416015625
10.368039550781251
11.79547119140625
12.07329345703125
12.09245361328125
12.482841796875
12.066108398437501
10.6961572265625
10.255473632812501
11.01469482421875
11.558364257812501
12.20501953125
12.176279296875
12.1235888671875
12.25052490234375
10.336904296875
10.55724609375
12.238549804687501
11.10570556640625
11.45537841796875
11.82181640625
11.908037109375
12.67683837890625
10.94284423828125
9.5657080078125
11.18234619140625
11.2278515625
12.284055175781251
12.43733642578125
12.73910888671875
12.45170654296875
10.97158447265625
10.02794677734375
11.872111816406251
11.28293701171875
12.46607666015625
12.5067919921875
11.946357421875001
11.77152099609375
11.0602001953125
9.723779296875
12.789404296875
11.79547119140625
11.76194091796875
11.9415673828125
12.1475390625
11.498488769531251
11.400292968750001
9.972861328125001
11.8266064453125
12.269685058593751
12.31758544921875
11.99665283203125
12.348720703125
10.6482568359375
11.491303710937501
9.97046630859375
12.51397705078125
11.52722900390625
11.17276611328125
12.006232910156251
12.530742187500001
11.754755859375
10.739267578125
9.04598876953125
11.48890869140625
12.72234375
12.43733642578125
11.7643359375
11.55357421875
10.59796142578125
10.585986328125001
10.787167968750001
11.1368408203125
12.05413330078125
11.7499658203125
11.177556152343751
12.68641845703125
11.81463134765625
10.06626708984375
10.53090087890625
10.6961572265625
12.0948486328125
12.77982421875
11.92001220703125
11.41226806640625
11.33562744140625
9.9776513671875
10.981164550781251
11.66135009765625
12.1475390625
11.73320068359375
11.326047363281251
12.51876708984375
11.2422216796875
9.987231445312501
11.340417480468751
11.01708984375
12.080478515625
12.837304687500001
11.66614013671875
11.38352783203125
11.218271484375
10.34887939453125
12.157119140625001
12.125983886718751
11.431428222656251
11.977492675781251
11.879296875000001
11.74757080078125
12.066108398437501
10.36324951171875
10.38240966796875
12.343930664062501
11.8409765625
12.590617675781251
12.6409130859375
10.911708984375
10.815908203125
11.0889404296875
10.892548828125001
11.977492675781251
12.20741455078125
12.396621093750001
11.93677734375
11.02427490234375
12.104428710937501
10.779982910156251
10.547666015625001
12.35590576171875
12.176279296875
12.00144287109375
12.695998535156251
10.98595458984375
11.896062011718751
11.25419677734375
10.921289062500001
11.730805664062501
12.58582763671875
11.30688720703125
12.336745605468751
11.9224072265625
11.55596923828125
10.5811962890625
11.1560009765625
11.6445849609375
12.731923828125
11.685300292968751
12.3630908203125
11.773916015625
11.20869140625
10.353669433593751
10.94044921875
10.906918945312501
12.4972119140625
12.075688476562501
12.456496582031251
11.256591796875
10.293793945312501
10.4374951171875
11.745175781250001
11.4338232421875
11.80265625
11.11528564453125
11.84816162109375
12.482841796875
10.70813232421875
10.001601562500001
11.56075927734375
11.15839599609375
12.0182080078125
12.487631835937501
11.390712890625
11.924802246093751
10.315349121093751
9.79083984375
11.910432128906251
12.02539306640625
11.42663818359375
11.888876953125001
11.639794921875001
12.502001953125001
10.78477294921875
11.27814697265625
11.6158447265625
11.2230615234375
11.6733251953125
12.79658935546875
11.91522216796875
11.864926757812501
10.451865234375001
10.97637451171875
12.56666748046875
12.291240234375001
11.603869628906251
11.70685546875
11.280541992187501
12.21220458984375
11.56075927734375
10.248288574218751
11.141630859375
12.05413330078125
12.343930664062501
12.77982421875
12.082873535156251
10.835068359375
10.6290966796875
11.35478759765625
11.371552734375001
11.970307617187501
11.723620605468751
12.315190429687501
11.745175781250001
11.385922851562501
11.160791015625001
10.77040283203125
11.2709619140625
12.233759765625
11.582314453125
12.298425292968751
12.389436035156251
10.562036132812501
10.8973388671875
11.08175537109375
11.16318603515625
12.724738769531251
12.31758544921875
11.520043945312501
11.6541650390625
11.340417480468751
11.24701171875
11.06738525390625
10.562036132812501
12.07808349609375
12.45170654296875
12.485236816406251
11.505673828125001
11.191926269531251
10.36324951171875
12.11640380859375
10.25068359375
12.075688476562501
12.068503417968751
11.903247070312501
11.984677734375001
11.498488769531251
9.8339501953125
11.737990722656251
10.990744628906251
11.93438232421875
12.31758544921875
11.6062646484375
11.52243896484375
11.730805664062501
10.01836669921875
11.7212255859375
11.25419677734375
11.476933593750001
12.63372802734375
12.284055175781251
10.772797851562501
11.95354248046875
10.41593994140625
11.2709619140625
11.812236328125001
11.43621826171875
11.50806884765625
11.04822509765625
11.12965576171875
11.3284423828125
12.082873535156251
10.61712158203125
11.46495849609375
11.409873046875001
12.724738769531251
12.27447509765625
10.92847412109375
11.12965576171875
11.01469482421875
10.57401123046875
12.712763671875
12.343930664062501
11.8266064453125
11.754755859375
10.89494384765625
10.8302783203125
11.89127197265625
10.892548828125001
11.790681152343751
11.89845703125
11.678115234375001
12.3343505859375
11.5104638671875
10.63388671875
11.12007568359375
11.51764892578125
12.099638671875
12.62654296875
12.29363525390625
11.7212255859375
10.70334228515625
10.81351318359375
11.783496093750001
11.19671630859375
11.27814697265625
12.15472412109375
11.812236328125001
11.98707275390625
11.78110107421875
10.17164794921875
10.80872314453125
12.00144287109375
12.26489501953125
12.15472412109375
11.88648193359375
10.966794433593751
11.805051269531251
10.4614453125
11.340417480468751
12.03976318359375
11.64218994140625
11.54159912109375
12.494816894531251
11.35957763671875
12.0182080078125
10.554851074218751
10.92368408203125
11.16318603515625
11.68051025390625
11.5008837890625
12.521162109375
11.60865966796875
10.74884765625
10.80393310546875
11.079360351562501
11.6876953125
12.28884521484375
11.20150634765625
11.76673095703125
11.3428125
11.55596923828125
10.97158447265625
10.772797851562501
11.467353515625
12.6696533203125
11.256591796875
12.037368164062501
11.3092822265625
11.012299804687501
11.050620117187501
11.505673828125001
10.950029296875
12.310400390625
11.258986816406251
11.8553466796875
12.01102294921875
10.8590185546875
11.256591796875
11.5392041015625
12.10203369140625
11.716435546875001
11.658955078125
11.67572021484375
11.931987304687501
10.97158447265625
11.03625
11.04822509765625
12.09245361328125
12.20741455078125
12.33195556640625
11.110495605468751
11.18234619140625
11.311677246093751
11.15839599609375
11.3811328125
11.256591796875
11.486513671875
12.521162109375
11.656560058593751
11.71883056640625
11.2230615234375
11.218271484375
11.3667626953125
11.484118652343751
10.8973388671875
12.616962890625
12.080478515625
11.45058837890625
10.899733886718751
10.988349609375
12.2289697265625
12.066108398437501
12.111613769531251
12.178674316406251
11.13444580078125
12.1475390625
11.697275390625
10.7919580078125
10.99553466796875
11.9224072265625
11.797866210937501
12.98340087890625
11.486513671875
11.40268798828125
10.90212890625
11.50327880859375
11.7116455078125
12.348720703125
11.54159912109375
11.939172363281251
12.0565283203125
12.387041015625
10.65544189453125
11.11528564453125
10.75603271484375
12.717553710937501
12.494816894531251
12.051738281250001
10.966794433593751
11.1512109375
10.226733398437501
11.872111816406251
11.12007568359375
11.769125976562501
10.8877587890625
12.0565283203125
11.524833984375
11.558364257812501
10.643466796875
11.3811328125
10.6099365234375
11.872111816406251
11.57512939453125
11.90564208984375
11.40747802734375
10.892548828125001
10.61712158203125
11.429033203125
11.70446044921875
11.831396484375
11.42184814453125
11.2278515625
11.81463134765625
11.793076171875
10.4614453125
10.643466796875
11.311677246093751
11.92001220703125
12.3726708984375
11.54638916015625
12.104428710937501
10.94763427734375
11.16318603515625
11.4625634765625
11.3380224609375
11.7020654296875
12.482841796875
11.977492675781251
12.406201171875
11.23982666015625
11.16797607421875
11.01469482421875
11.783496093750001
11.5775244140625
12.195439453125001
12.24094482421875
12.01341796875
11.141630859375
11.357182617187501
11.34520751953125
12.396621093750001
11.90564208984375
11.59907958984375
11.50327880859375
12.26010498046875
11.364367675781251
10.86620361328125
11.6062646484375
12.118798828125001
11.87690185546875
11.836186523437501
12.0277880859375
11.484118652343751
10.82788330078125
11.05301513671875
10.959609375000001
12.31279541015625
12.262500000000001
12.209809570312501
12.195439453125001
11.153605957031251
10.585986328125001
11.20150634765625
11.1081005859375
12.32716552734375
12.39422607421875
12.310400390625
11.3811328125
11.409873046875001
10.76082275390625
10.906918945312501
11.12965576171875
11.8840869140625
12.427756347656251
12.49960693359375
12.315190429687501
11.39789794921875
9.86987548828125
11.6876953125
11.34520751953125
12.777429199218751
11.56075927734375
11.460168457031251
11.14402587890625
11.745175781250001
10.9164990234375
11.63021484375
10.480605468750001
11.98707275390625
11.965517578125
12.322375488281251
11.256591796875
11.7643359375
10.459050292968751
10.94284423828125
11.23982666015625
12.583432617187501
11.4577734375
12.149934082031251
10.7823779296875
11.9415673828125
11.17276611328125
11.50806884765625
11.7020654296875
11.230246582031251
12.31998046875
12.351115722656251
12.149934082031251
10.911708984375
11.16318603515625
10.75603271484375
11.7403857421875
11.77152099609375
12.787009277343751
11.948752441406251
10.518925781250001
11.752360839843751
11.7212255859375
10.811118164062501
11.36915771484375
10.74645263671875
11.7643359375
12.037368164062501
11.7212255859375
11.33562744140625
9.98244140625
11.191926269531251
12.89239013671875
11.68051025390625
11.6445849609375
11.66135009765625
12.015812988281251
11.04343505859375
11.424243164062501
10.55964111328125
12.06371337890625
12.854069824218751
12.1140087890625
11.40268798828125
11.769125976562501
10.332114257812501
11.790681152343751
11.110495605468751
11.8409765625
12.3008203125
12.44691650390625
11.2326416015625
12.10682373046875
10.473420410156251
11.505673828125001
11.170371093750001
12.06371337890625
12.406201171875
12.801379394531251
11.273356933593751
12.540322265625
9.46751220703125
11.603869628906251
11.1943212890625
11.3092822265625
11.033854980468751
11.984677734375001
11.73320068359375
11.66135009765625
10.336904296875
10.39677978515625
11.44100830078125
11.99665283203125
11.438613281250001
11.917617187500001
10.58838134765625
11.2422216796875
10.8494384765625
10.67939208984375
12.118798828125001
12.2289697265625
10.5907763671875
11.783496093750001
11.2278515625
11.8074462890625
10.8302783203125
10.55724609375
11.9894677734375
12.1475390625
11.61344970703125
11.92001220703125
11.5871044921875
11.02427490234375
11.54159912109375
11.486513671875
11.3428125
12.015812988281251
11.8936669921875
12.10921875
12.329560546875001
11.160791015625001
10.870993652343751
11.4050830078125
10.835068359375
12.231364746093751
12.00144287109375
12.262500000000001
11.9798876953125
10.973979492187501
11.20869140625
12.176279296875
11.28533203125
10.921289062500001
11.36915771484375
11.618239746093751
12.693603515625
11.58470947265625
10.368039550781251
11.6541650390625
12.801379394531251
12.22178466796875
12.40859619140625
11.999047851562501
11.21108642578125
10.54527099609375
11.122470703125
11.812236328125001
11.66853515625
11.977492675781251
12.19783447265625
12.667258300781251
11.69488037109375
